GC	Num. Positions	Overlapping Reads	Avg. Coverage
0.000000	2401	7189	2.9941690962099123
0.002857	1455	9770	6.714776632302406
0.005714	559	2901	5.189624329159213
0.008571	1230	6938	5.640650406504065
0.011429	855	9741	11.39298245614035
0.014286	1291	13135	10.17428350116189
0.017143	955	7975	8.350785340314136
0.020000	1270	13684	10.7748031496063
0.022857	1748	19572	11.196796338672769
0.025714	1782	23788	13.349046015712682
0.028571	1265	14601	11.542292490118577
0.031429	1084	12967	11.962177121771218
0.034286	921	5763	6.257328990228013
0.037143	838	2544	3.035799522673031
0.040000	895	3929	4.389944134078212
0.042857	1145	4166	3.6384279475982533
0.045714	1268	4538	3.578864353312303
0.048571	1474	4965	3.3683853459972863
0.051429	1494	5463	3.6566265060240966
0.054286	1607	5893	3.6670815183571874
0.057143	1785	7066	3.958543417366947
0.060000	1885	7400	3.9257294429708223
0.062857	2044	8288	4.054794520547945
0.065714	2082	8395	4.032180595581172
0.068571	2137	9333	4.367337388862892
0.071429	2396	9461	3.9486644407345577
0.074286	2327	9545	4.1018478727975936
0.077143	2489	10306	4.140618722378465
0.080000	2719	11281	4.14895182052225
0.082857	3012	12112	4.02124833997344
0.085714	3036	12123	3.9930830039525693
0.088571	3423	15504	4.529360210341806
0.091429	3716	21882	5.888589881593111
0.094286	4043	24365	6.026465495918872
0.097143	4318	21072	4.880037054191756
0.100000	4422	22429	5.0721393034825875
0.102857	4971	26979	5.427278213639107
0.105714	5528	47217	8.54142547033285
0.108571	6001	58731	9.786868855190802
0.111429	6162	57132	9.271665043816942
0.114286	6548	44002	6.7199144777031155
0.117143	7090	41666	5.87672778561354
0.120000	8280	100747	12.167512077294687
0.122857	8971	68765	7.665254709619886
0.125714	9855	292010	29.63064434297311
0.128571	11251	1127683	100.22957959292508
0.131429	10665	141517	13.269292076887014
0.134286	11242	65230	5.802348336594912
0.137143	12404	64850	5.2281522089648504
0.140000	13675	84849	6.204680073126142
0.142857	14969	80037	5.346850156991115
0.145714	16662	89045	5.344196374984996
0.148571	18297	107204	5.859102585123244
0.151429	18782	107627	5.730326908742413
0.154286	20592	128849	6.257235819735819
0.157143	21696	131382	6.055586283185841
0.160000	24593	147839	6.011426015532876
0.162857	28970	218010	7.525371073524336
0.165714	36018	316584	8.789605197401299
0.168571	41430	316331	7.635312575428434
0.171429	39399	282671	7.174572958704536
0.174286	41459	301314	7.267758508405895
0.177143	43889	305897	6.969787418259701
0.180000	47197	332863	7.052630463800665
0.182857	51096	322230	6.306364490371066
0.185714	55457	340306	6.136393962890168
0.188571	60342	358746	5.9452122899473006
0.191429	65268	376914	5.774866703438132
0.194286	71937	402836	5.599844308214132
0.197143	79817	464274	5.816730771640127
0.200000	87651	521681	5.95179746950976
0.202857	97709	525746	5.380732583487704
0.205714	106600	555578	5.211801125703564
0.208571	118467	604245	5.10053432601484
0.211429	130692	654907	5.011071833011967
0.214286	144451	669396	4.6340696845297025
0.217143	159555	738451	4.628190905957194
0.220000	175001	826026	4.720121599305147
0.222857	193122	888432	4.600366607636624
0.225714	213796	982489	4.595450803569758
0.228571	236591	1032673	4.364802549547531
0.231429	259712	1109616	4.272486446525382
0.234286	287259	1232943	4.292095286831744
0.237143	313263	1335527	4.263277182431375
0.240000	345699	1452922	4.202852770763005
0.242857	379929	1599854	4.210928884080973
0.245714	414566	1739825	4.1967382756907226
0.248571	449866	1887578	4.1958672137925515
0.251429	491354	2055722	4.183790098381208
0.254286	531978	2227879	4.1879156656854235
0.257143	578106	2384353	4.124421818835992
0.260000	626899	2575226	4.107880216749429
0.262857	679873	2754572	4.051597871955497
0.265714	739656	2986461	4.037635062785943
0.268571	801942	3236478	4.035800594057925
0.271429	868881	3477164	4.001887485167704
0.274286	946372	3767767	3.981274805256284
0.277143	1031587	4078300	3.9534232207268993
0.280000	1131358	4419308	3.906197684552547
0.282857	1242802	4810806	3.8709351932166185
0.285714	1363768	5299709	3.8860781305911267
0.288571	1502941	5784767	3.848964796355945
0.291429	1665365	6359141	3.8184668225884417
0.294286	1840258	6997491	3.8024510693609264
0.297143	2031656	7683468	3.781874490563363
0.300000	2239155	8463496	3.7797722801681886
0.302857	2448805	9244229	3.774995967420844
0.305714	2643350	9934195	3.7581837441125843
0.308571	2821869	10620200	3.7635340265618282
0.311429	2973218	11188370	3.7630506743871455
0.314286	3101962	11669093	3.761842666028791
0.317143	3184936	12000315	3.7678355232255845
0.320000	3238707	12165822	3.7563824081647397
0.322857	3261020	12211917	3.7448151191958345
0.325714	3261694	12192229	3.7380051592822627
0.328571	3239622	12067070	3.724838885524299
0.331429	3201402	11818025	3.691515467285895
0.334286	3154123	11513270	3.65022860554265
0.337143	3101316	11171768	3.602266908628466
0.340000	3053839	10863568	3.557347980689224
0.342857	3016589	10621311	3.520967224902033
0.345714	2988863	10448847	3.4959270465056447
0.348571	2974125	10336639	3.4755227167654352
0.351429	2964565	10259218	3.460614963746789
0.354286	2964630	10188930	3.4368302283927505
0.357143	2970630	10146282	3.4155320588562024
0.360000	2970818	10059187	3.3859990750022386
0.362857	2973868	10010301	3.366087869401063
0.365714	2984978	9982168	3.3441345296347245
0.368571	2997452	9968465	3.325646248880716
0.371429	3014725	9954150	3.3018434517244524
0.374286	3040828	9997242	3.2876709896120397
0.377143	3070301	10046754	3.272237477693555
0.380000	3095561	10081010	3.256601953571582
0.382857	3096026	10042188	3.2435735358811586
0.385714	3085800	9990077	3.2374350249530104
0.388571	3056559	9862676	3.2267252161662836
0.391429	3011988	9666044	3.2091907404677573
0.394286	2960034	9451190	3.192932919013768
0.397143	2901581	9223549	3.1788011432388066
0.400000	2836564	8968891	3.161885647565153
0.402857	2775922	8750836	3.1524070200819763
0.405714	2714088	8520605	3.1393989435862064
0.408571	2665076	8323668	3.1232385117722723
0.411429	2617017	8141260	3.110893051134173
0.414286	2572755	7983493	3.1030910444251396
0.417143	2534743	7837639	3.092084286257029
0.420000	2500239	7707878	3.082856478920615
0.422857	2460952	7560927	3.072358583182443
0.425714	2426366	7434565	3.064074010268855
0.428571	2394818	7309236	3.0521050033864787
0.431429	2361026	7170209	3.0369038714524956
0.434286	2330874	7065962	3.0314645922516616
0.437143	2303414	6957720	3.0206120132985212
0.440000	2279608	6858907	3.008809848008956
0.442857	2249032	6742303	2.9978688609143846
0.445714	2218756	6632593	2.989329606319938
0.448571	2192341	6529237	2.9782032083512555
0.451429	2161215	6414641	2.968071663393045
0.454286	2128424	6300938	2.9603772556595866
0.457143	2098492	6202310	2.955603357077368
0.460000	2070374	6103787	2.948156709850491
0.462857	2040837	5985571	2.9329000797221925
0.465714	1998621	5850707	2.9273719229408677
0.468571	1962107	5733359	2.9220419681495455
0.471429	1920230	5602201	2.917463533014274
0.474286	1887173	5484000	2.905933902191267
0.477143	1847371	5345164	2.893389579028793
0.480000	1818672	5234214	2.878041779936129
0.482857	1782287	5110501	2.867383872518848
0.485714	1742643	4980966	2.858282505366848
0.488571	1702345	4855874	2.8524617512901322
0.491429	1660407	4730159	2.848794903900068
0.494286	1622878	4616574	2.8446833341754587
0.497143	1582189	4501724	2.8452504726047265
0.500000	1541328	4393682	2.8505820954397767
0.502857	1503037	4279035	2.84692592397925
0.505714	1459423	4145004	2.8401662848947837
0.508571	1419412	4032429	2.840915111327789
0.511429	1376044	3909140	2.840853926182593
0.514286	1337276	3805777	2.84591737233002
0.517143	1290670	3683938	2.8542834341853456
0.520000	1247493	3569781	2.8615639526634618
0.522857	1206202	3469747	2.8765886642535827
0.525714	1169450	3386735	2.896006669802044
0.528571	1135383	3300653	2.9070833366361835
0.531429	1095786	3212279	2.9314838846271076
0.534286	1058106	3116396	2.945258792597339
0.537143	1018070	3014880	2.9613680788157986
0.540000	983116	2949625	3.000281757188368
0.542857	948375	2877976	3.034639251350995
0.545714	914812	2814471	3.0765567132919114
0.548571	882188	2752679	3.1202861521580436
0.551429	847014	2685477	3.170522565152406
0.554286	815911	2640935	3.2367929835484506
0.557143	789423	2594375	3.2864193214537707
0.560000	762812	2561253	3.3576464449956216
0.562857	737302	2521564	3.4199880103404032
0.565714	713479	2492707	3.493735625014892
0.568571	689711	2476085	3.590032636858046
0.571429	664913	2441300	3.6716081652787658
0.574286	641645	2414111	3.7623779504243
0.577143	615795	2353545	3.821961854188488
0.580000	591454	2327227	3.934755703740274
0.582857	567959	2284534	4.022357247618226
0.585714	544381	2237877	4.110865368188824
0.588571	526616	2227445	4.2297328603764415
0.591429	506890	2207240	4.354475329953244
0.594286	483481	2173560	4.495647191926881
0.597143	466111	2161674	4.637680724119362
0.600000	448173	2132638	4.758515126971058
0.602857	430626	2090973	4.855658970893536
0.605714	413854	2070163	5.002157765782136
0.608571	399681	2061816	5.158654026586203
0.611429	386763	2024381	5.234164074640025
0.614286	373056	2018387	5.410412913878881
0.617143	359870	1985640	5.517659154694751
0.620000	343813	1937749	5.636055064817212
0.622857	327465	1880804	5.743526789122502
0.625714	309222	1790413	5.790056981715402
0.628571	288807	1718574	5.95059676531386
0.631429	268665	1617933	6.022120484618391
0.634286	246475	1505935	6.109889441119789
0.637143	228672	1400393	6.124024804086202
0.640000	209997	1325660	6.312756848907365
0.642857	189684	1203928	6.347019253073533
0.645714	171716	1079586	6.287043723357171
0.648571	152340	957378	6.284482079558882
0.651429	136490	862817	6.321466774122646
0.654286	121814	757673	6.219917250890703
0.657143	106884	659798	6.173028704015568
0.660000	94992	576928	6.073437763180057
0.662857	84286	506089	6.004425408727428
0.665714	74256	440078	5.926497522085757
0.668571	64632	377134	5.835097165490779
0.671429	55232	323551	5.858035196987254
0.674286	47772	282922	5.92233944570041
0.677143	40589	233717	5.758136440907635
0.680000	33989	184326	5.423107475948101
0.682857	29622	151815	5.125075957058943
0.685714	25043	120769	4.8224653595815195
0.688571	21246	98958	4.657723806834228
0.691429	17338	74946	4.322643903564425
0.694286	13775	55109	4.00065335753176
0.697143	11292	44899	3.9761778250088557
0.700000	9418	37758	4.009131450414101
0.702857	7941	30199	3.802921546404735
0.705714	6308	23209	3.679296131896005
0.708571	5132	18284	3.562743569758379
0.711429	4118	12858	3.122389509470617
0.714286	3527	10401	2.9489651261695493
0.717143	2883	7932	2.7513007284079083
0.720000	2430	6926	2.8502057613168725
0.722857	1974	5309	2.6894630192502533
0.725714	1496	3799	2.539438502673797
0.728571	1288	3295	2.5582298136645965
0.731429	974	2972	3.051334702258727
0.734286	758	2304	3.0395778364116093
0.737143	483	1205	2.494824016563147
0.740000	465	1190	2.5591397849462365
0.742857	295	764	2.5898305084745763
0.745714	291	839	2.8831615120274914
0.748571	252	728	2.888888888888889
0.751429	210	547	2.604761904761905
0.754286	125	425	3.4
0.757143	66	224	3.393939393939394
0.760000	65	197	3.0307692307692307
0.762857	78	140	1.794871794871795
0.765714	44	80	1.8181818181818181
0.768571	14	26	1.8571428571428572
0.771429	31	57	1.8387096774193548
0.774286	26	30	1.1538461538461537
0.777143	27	60	2.2222222222222223
0.780000	14	15	1.0714285714285714
0.782857	50	45	0.9
0.785714	41	20	0.4878048780487805
0.788571	26	0	0.0
0.791429	11	0	0.0
