GC	Num. Positions	Overlapping Reads	Avg. Coverage
0.000000	2401	7960	3.3152852977925864
0.002857	1455	6326	4.347766323024055
0.005714	559	2637	4.717352415026833
0.008571	1230	6506	5.289430894308943
0.011429	855	7515	8.789473684210526
0.014286	1291	11027	8.541440743609606
0.017143	955	6018	6.301570680628272
0.020000	1270	11307	8.903149606299213
0.022857	1748	14299	8.18020594965675
0.025714	1782	19853	11.140852974186307
0.028571	1265	12747	10.076679841897233
0.031429	1084	11445	10.558118081180812
0.034286	921	5636	6.1194353963083605
0.037143	838	2116	2.5250596658711215
0.040000	895	3138	3.506145251396648
0.042857	1145	2754	2.405240174672489
0.045714	1268	2909	2.2941640378548898
0.048571	1474	3619	2.455223880597015
0.051429	1494	3642	2.4377510040160644
0.054286	1607	4446	2.7666459240821406
0.057143	1785	5185	2.9047619047619047
0.060000	1885	5594	2.96763925729443
0.062857	2044	6103	2.985812133072407
0.065714	2082	5753	2.7632084534101824
0.068571	2137	6222	2.911558259241928
0.071429	2396	6898	2.878964941569282
0.074286	2327	6699	2.878813923506661
0.077143	2489	7430	2.9851345922057053
0.080000	2719	8114	2.984185362265539
0.082857	3012	11964	3.9721115537848606
0.085714	3036	10199	3.3593544137022397
0.088571	3423	13734	4.012269938650307
0.091429	3716	48370	13.016684607104413
0.094286	4043	53043	13.11971308434331
0.097143	4318	52317	12.116025937934229
0.100000	4422	32881	7.435775667118951
0.102857	4971	37507	7.545161939247636
0.105714	5528	49663	8.9839001447178
0.108571	6001	53631	8.937010498250292
0.111429	6162	57514	9.333657903278157
0.114286	6548	65486	10.000916310323763
0.117143	7090	69546	9.809026798307475
0.120000	8280	130275	15.733695652173912
0.122857	8971	61215	6.82365399621001
0.125714	9855	281401	28.554134956874684
0.128571	11251	1142606	101.55595058217047
0.131429	10665	144813	13.578340365682138
0.134286	11242	57974	5.1569115815691156
0.137143	12404	50018	4.032408900354724
0.140000	13675	72222	5.281316270566728
0.142857	14969	65568	4.380252521878549
0.145714	16662	72086	4.326371383987516
0.148571	18297	86262	4.7145433677652075
0.151429	18782	83677	4.455169843467149
0.154286	20592	103857	5.043560606060606
0.157143	21696	111052	5.118547197640118
0.160000	24593	127066	5.166754767616801
0.162857	28970	155107	5.354055919917156
0.165714	36018	220563	6.123688155922039
0.168571	41430	234097	5.650422399227613
0.171429	39399	192681	4.8905048351481
0.174286	41459	207983	5.016594708024796
0.177143	43889	189387	4.315135911048326
0.180000	47197	220973	4.681928936161197
0.182857	51096	256335	5.01673320807891
0.185714	55457	265728	4.791604306038913
0.188571	60342	289518	4.797951675449935
0.191429	65268	313762	4.80728687871545
0.194286	71937	312399	4.342674840485425
0.197143	79817	354895	4.446358545172081
0.200000	87651	378993	4.323886778245542
0.202857	97709	409825	4.194342384017849
0.205714	106600	437811	4.107045028142589
0.208571	118467	497358	4.198283066170326
0.211429	130692	526041	4.025043613993206
0.214286	144451	515066	3.565679711459249
0.217143	159555	574660	3.6016420669988407
0.220000	175001	640069	3.657516242764327
0.222857	193122	723306	3.7453319663218068
0.225714	213796	778675	3.642140171004135
0.228571	236591	832511	3.51877713015288
0.231429	259712	906972	3.49222215377033
0.234286	287259	1019979	3.5507294810606456
0.237143	313263	1101345	3.5157200180040413
0.240000	345699	1193752	3.453154333683349
0.242857	379929	1286123	3.3851667021996215
0.245714	414566	1403786	3.3861580544473013
0.248571	449866	1481596	3.293416261731271
0.251429	491354	1609573	3.275790977584389
0.254286	531978	1735868	3.263044712375324
0.257143	578106	1885286	3.2611424202481896
0.260000	626899	2019825	3.2219304864100917
0.262857	679873	2178018	3.203565960113139
0.265714	739656	2354851	3.183711076500427
0.268571	801942	2534475	3.160421826017343
0.271429	868881	2745446	3.15974914861759
0.274286	946372	2984306	3.153417472199093
0.277143	1031587	3219410	3.1208322710542107
0.280000	1131358	3504134	3.097281320324778
0.282857	1242802	3841227	3.0907795449315336
0.285714	1363768	4231855	3.1030607845322664
0.288571	1502941	4643310	3.089482554538069
0.291429	1665365	5147210	3.0907398678367803
0.294286	1840258	5715681	3.105912866565449
0.297143	2031656	6296811	3.099349003965238
0.300000	2239155	6967985	3.111881491008885
0.302857	2448805	7668482	3.131520067951511
0.305714	2643350	8288363	3.1355526131613294
0.308571	2821869	8890162	3.1504517041719513
0.311429	2973218	9384349	3.156293618564128
0.314286	3101962	9814944	3.164108393332994
0.317143	3184936	10086138	3.1668259581982183
0.320000	3238707	10210020	3.1524988212888663
0.322857	3261020	10254151	3.144461242188027
0.325714	3261694	10251696	3.1430587909227534
0.328571	3239622	10122905	3.124717945488702
0.331429	3201402	9901656	3.0929124177469745
0.334286	3154123	9576429	3.036162191518847
0.337143	3101316	9223736	2.974136140915663
0.340000	3053839	8909353	2.9174272121090863
0.342857	3016589	8648876	2.867104534293535
0.345714	2988863	8468063	2.8332054697722846
0.348571	2974125	8323618	2.798677930483756
0.351429	2964565	8248164	2.782251021650731
0.354286	2964630	8184295	2.7606463538451678
0.357143	2970630	8129222	2.7365313081736873
0.360000	2970818	8069944	2.716404707390355
0.362857	2973868	8032888	2.7011582222210264
0.365714	2984978	8001010	2.6804251153609844
0.368571	2997452	8011053	2.672620946056851
0.371429	3014725	8026596	2.6624637404738407
0.374286	3040828	8092851	2.661397158931712
0.377143	3070301	8145288	2.6529281656749615
0.380000	3095561	8208534	2.6517112730131953
0.382857	3096026	8228152	2.657649515863239
0.385714	3085800	8213959	2.6618572169291594
0.388571	3056559	8117079	2.6556264740840927
0.391429	3011988	7949962	2.639440130571569
0.394286	2960034	7726271	2.610196707199985
0.397143	2901581	7498798	2.5843834792135736
0.400000	2836564	7256299	2.55812983595646
0.402857	2775922	7065368	2.5452328991952946
0.405714	2714088	6853013	2.5249781878848436
0.408571	2665076	6688156	2.5095554498258212
0.411429	2617017	6544428	2.5007204767871207
0.414286	2572755	6429326	2.4990043746878348
0.417143	2534743	6319087	2.4929892300718457
0.420000	2500239	6207135	2.4826166618471275
0.422857	2460952	6083437	2.47198523173146
0.425714	2426366	5975028	2.4625419248373905
0.428571	2394818	5883873	2.4569186468449793
0.431429	2361026	5764422	2.4414902673668144
0.434286	2330874	5677625	2.435835227472613
0.437143	2303414	5594044	2.4285881739018693
0.440000	2279608	5514577	2.4190900365325967
0.442857	2249032	5418267	2.4091551387441354
0.445714	2218756	5324015	2.3995495674152543
0.448571	2192341	5231854	2.386423462408448
0.451429	2161215	5137948	2.377342374543949
0.454286	2128424	5039289	2.3676151932133824
0.457143	2098492	4939525	2.3538450468241003
0.460000	2070374	4846112	2.340694000214454
0.462857	2040837	4751631	2.328275604568126
0.465714	1998621	4636694	2.3199466031828946
0.468571	1962107	4524440	2.3059089030312823
0.471429	1920230	4410707	2.296968071533098
0.474286	1887173	4318513	2.2883503526173805
0.477143	1847371	4197707	2.2722598763323663
0.480000	1818672	4102758	2.2559087070125896
0.482857	1782287	3995577	2.241825811443387
0.485714	1742643	3883444	2.228479384475191
0.488571	1702345	3784188	2.222926610058478
0.491429	1660407	3663857	2.2066017548709445
0.494286	1622878	3559762	2.193487125957712
0.497143	1582189	3455159	2.1837839853519396
0.500000	1541328	3332470	2.1620771179139027
0.502857	1503037	3227737	2.147476742089516
0.505714	1459423	3110440	2.131280649955496
0.508571	1419412	3001494	2.1146037936835818
0.511429	1376044	2891161	2.101067262384052
0.514286	1337276	2787545	2.0844948985848846
0.517143	1290670	2667698	2.0669094346347245
0.520000	1247493	2558971	2.0512908689667997
0.522857	1206202	2445204	2.0271927919204247
0.525714	1169450	2340008	2.000947453931335
0.528571	1135383	2242095	1.9747477282996135
0.531429	1095786	2144862	1.9573730637186457
0.534286	1058106	2050458	1.9378568876842206
0.537143	1018070	1952735	1.918075377920968
0.540000	983116	1859689	1.8916272342226146
0.542857	948375	1777440	1.8741953341241597
0.545714	914812	1696533	1.8545154632864458
0.548571	882188	1614018	1.8295624061991322
0.551429	847014	1524531	1.7998887857815808
0.554286	815911	1451581	1.7790923274719914
0.557143	789423	1384844	1.7542483560777935
0.560000	762812	1330448	1.7441361698557443
0.562857	737302	1264114	1.7145131845566675
0.565714	713479	1199875	1.6817243394689962
0.568571	689711	1141387	1.6548771876916564
0.571429	664913	1080833	1.6255254446822367
0.574286	641645	1015152	1.582108486780073
0.577143	615795	951853	1.5457303160954539
0.580000	591454	909893	1.5384002813405606
0.582857	567959	852296	1.5006294468438743
0.585714	544381	805656	1.4799487858687206
0.588571	526616	768564	1.459439135916873
0.591429	506890	726355	1.4329637593955296
0.594286	483481	691921	1.4311234567645885
0.597143	466111	667302	1.4316375283998877
0.600000	448173	645665	1.4406601914885546
0.602857	430626	627081	1.456207939139764
0.605714	413854	616226	1.4889937030933613
0.608571	399681	597407	1.4947095308508536
0.611429	386763	599758	1.5507119346990275
0.614286	373056	614168	1.6463158346200035
0.617143	359870	622269	1.7291494150665518
0.620000	343813	615476	1.7901475511397185
0.622857	327465	617850	1.8867665246667582
0.625714	309222	617016	1.9953819585928556
0.628571	288807	610542	2.114013857004851
0.631429	268665	586817	2.184195931736549
0.634286	246475	554619	2.250203874632316
0.637143	228672	510933	2.2343487615449202
0.640000	209997	477856	2.2755372695800418
0.642857	189684	417726	2.2022205352059214
0.645714	171716	371390	2.1628153462694217
0.648571	152340	341890	2.2442562688722596
0.651429	136490	312810	2.2918162502747452
0.654286	121814	271251	2.2267637545766497
0.657143	106884	246218	2.303600164664496
0.660000	94992	210767	2.2187868452080175
0.662857	84286	182612	2.166575706523029
0.665714	74256	156661	2.109741973712562
0.668571	64632	136675	2.114664562445847
0.671429	55232	115420	2.089730590961761
0.674286	47772	99375	2.08019341873901
0.677143	40589	85023	2.0947300992879843
0.680000	33989	69814	2.0540174762423136
0.682857	29622	57911	1.9549996624130714
0.685714	25043	44919	1.7936748792077626
0.688571	21246	34048	1.6025604819730772
0.691429	17338	24740	1.4269235205906101
0.694286	13775	18082	1.3126678765880218
0.697143	11292	14490	1.2832093517534537
0.700000	9418	11173	1.1863452962412402
0.702857	7941	9818	1.236368215589976
0.705714	6308	8346	1.3230818008877616
0.708571	5132	7042	1.372174590802806
0.711429	4118	6348	1.5415250121418165
0.714286	3527	5702	1.6166713921179472
0.717143	2883	4580	1.588622962192161
0.720000	2430	3579	1.4728395061728394
0.722857	1974	2920	1.4792299898682877
0.725714	1496	2443	1.6330213903743316
0.728571	1288	1796	1.3944099378881987
0.731429	974	1195	1.226899383983573
0.734286	758	962	1.2691292875989446
0.737143	483	630	1.3043478260869565
0.740000	465	682	1.4666666666666666
0.742857	295	510	1.728813559322034
0.745714	291	568	1.9518900343642611
0.748571	252	434	1.7222222222222223
0.751429	210	287	1.3666666666666667
0.754286	125	221	1.768
0.757143	66	82	1.2424242424242424
0.760000	65	50	0.7692307692307693
0.762857	78	42	0.5384615384615384
0.765714	44	30	0.6818181818181818
0.768571	14	8	0.5714285714285714
0.771429	31	22	0.7096774193548387
0.774286	26	8	0.3076923076923077
0.777143	27	22	0.8148148148148148
0.780000	14	6	0.42857142857142855
0.782857	50	18	0.36
0.785714	41	8	0.1951219512195122
0.788571	26	0	0.0
0.791429	11	0	0.0
