GC	Num. Positions	Overlapping Reads	Avg. Coverage
0.000000	2401	7163	2.9833402748854643
0.002857	1455	2332	1.6027491408934709
0.005714	559	1665	2.9785330948121644
0.008571	1230	6923	5.628455284552846
0.011429	855	4740	5.543859649122807
0.014286	1291	6313	4.890007745933385
0.017143	955	3444	3.606282722513089
0.020000	1270	6730	5.299212598425197
0.022857	1748	10202	5.836384439359268
0.025714	1782	12716	7.135802469135802
0.028571	1265	8980	7.098814229249012
0.031429	1084	7268	6.704797047970479
0.034286	921	2743	2.97828447339848
0.037143	838	2081	2.483293556085919
0.040000	895	2531	2.827932960893855
0.042857	1145	2994	2.6148471615720523
0.045714	1268	3131	2.469242902208202
0.048571	1474	3714	2.519674355495251
0.051429	1494	3733	2.498661311914324
0.054286	1607	4436	2.760423148724331
0.057143	1785	5444	3.049859943977591
0.060000	1885	5228	2.773474801061008
0.062857	2044	6158	3.012720156555773
0.065714	2082	5631	2.7046109510086453
0.068571	2137	5860	2.7421619092185305
0.071429	2396	6299	2.628964941569282
0.074286	2327	6199	2.663944993553932
0.077143	2489	7530	3.0253113700281236
0.080000	2719	8451	3.1081279882309674
0.082857	3012	9306	3.089641434262948
0.085714	3036	9757	3.213768115942029
0.088571	3423	15345	4.482909728308501
0.091429	3716	55535	14.944833153928956
0.094286	4043	52670	13.027454860252288
0.097143	4318	49693	11.508337193144975
0.100000	4422	30849	6.976255088195387
0.102857	4971	31390	6.314624823979079
0.105714	5528	51637	9.340991316931982
0.108571	6001	61072	10.176970504915847
0.111429	6162	65068	10.55955858487504
0.114286	6548	69360	10.592547342700062
0.117143	7090	75650	10.669957686882933
0.120000	8280	144775	17.48490338164251
0.122857	8971	70312	7.837699253149036
0.125714	9855	253343	25.70705225773719
0.128571	11251	983865	87.44689360945694
0.131429	10665	124150	11.640881387716831
0.134286	11242	52201	4.643390855719622
0.137143	12404	51958	4.188810061270558
0.140000	13675	73646	5.385447897623401
0.142857	14969	63920	4.2701583272095665
0.145714	16662	68950	4.138158684431641
0.148571	18297	83352	4.555500901787179
0.151429	18782	81075	4.316632946438079
0.154286	20592	93340	4.532828282828283
0.157143	21696	98426	4.536596607669616
0.160000	24593	122091	4.964461432114829
0.162857	28970	155765	5.376769071453228
0.165714	36018	211180	5.863179521350436
0.168571	41430	219185	5.290489983104031
0.171429	39399	194248	4.930277418208584
0.174286	41459	203579	4.910369280493982
0.177143	43889	196085	4.467748182915993
0.180000	47197	227600	4.822340402991715
0.182857	51096	255708	5.0044621888210425
0.185714	55457	262972	4.741908145049318
0.188571	60342	288861	4.787063736700805
0.191429	65268	322357	4.938974688974689
0.194286	71937	324797	4.515020087020588
0.197143	79817	373909	4.684578473257576
0.200000	87651	404899	4.619445300110666
0.202857	97709	430079	4.40163137479659
0.205714	106600	459379	4.30937148217636
0.208571	118467	515151	4.34847679100509
0.211429	130692	552310	4.226042910048052
0.214286	144451	548445	3.7967546088292914
0.217143	159555	610555	3.8266115132712857
0.220000	175001	669485	3.8256067108187954
0.222857	193122	753187	3.9000579944283924
0.225714	213796	812984	3.8026155774663697
0.228571	236591	867704	3.6675275052728127
0.231429	259712	942416	3.628696402168556
0.234286	287259	1051509	3.660491055110545
0.237143	313263	1138369	3.6339082496177335
0.240000	345699	1246079	3.604520117211794
0.242857	379929	1361493	3.5835458730447005
0.245714	414566	1476538	3.5616476025530313
0.248571	449866	1587720	3.5293176190243316
0.251429	491354	1723340	3.5073287283709913
0.254286	531978	1862214	3.500547015102128
0.257143	578106	2005145	3.4684729098123874
0.260000	626899	2160575	3.4464483114504887
0.262857	679873	2321488	3.4145906661979515
0.265714	739656	2513547	3.3982648690742723
0.268571	801942	2715382	3.386007965663352
0.271429	868881	2925210	3.3666405411097724
0.274286	946372	3175138	3.355063336616045
0.277143	1031587	3428537	3.32355584163042
0.280000	1131358	3717124	3.2855418002082453
0.282857	1242802	4042411	3.252658911073526
0.285714	1363768	4439858	3.2555815945234086
0.288571	1502941	4872212	3.2417852730080554
0.291429	1665365	5372598	3.226078367204787
0.294286	1840258	5936299	3.225797143661378
0.297143	2031656	6517901	3.2081715605397765
0.300000	2239155	7211329	3.2205582016430303
0.302857	2448805	7904010	3.2277008581736806
0.305714	2643350	8531158	3.227403862522935
0.308571	2821869	9155599	3.244515957331825
0.311429	2973218	9661848	3.2496264989650943
0.314286	3101962	10109691	3.2591279325794447
0.317143	3184936	10377096	3.258180384158426
0.320000	3238707	10499067	3.2417464747505718
0.322857	3261020	10548864	3.2348357262451626
0.325714	3261694	10528980	3.228071057554755
0.328571	3239622	10416812	3.2154405668315627
0.331429	3201402	10211174	3.189594433938631
0.334286	3154123	9898922	3.1384070944601716
0.337143	3101316	9578724	3.0885998073076073
0.340000	3053839	9267205	3.034608242281273
0.342857	3016589	9031138	2.9938244818899755
0.345714	2988863	8858690	2.963899650134516
0.348571	2974125	8727437	2.934455344008742
0.351429	2964565	8661297	2.921608060541766
0.354286	2964630	8609609	2.9041091131102363
0.357143	2970630	8569749	2.884825441068056
0.360000	2970818	8516694	2.8667841651693236
0.362857	2973868	8462123	2.8454938147893585
0.365714	2984978	8427737	2.82338328791703
0.368571	2997452	8434577	2.81391561899907
0.371429	3014725	8461833	2.806834122515321
0.374286	3040828	8526289	2.803936625156043
0.377143	3070301	8588313	2.797221835904688
0.380000	3095561	8652519	2.795137618027879
0.382857	3096026	8661432	2.797596661009953
0.385714	3085800	8639360	2.7997148227364055
0.388571	3056559	8538384	2.7934628449835257
0.391429	3011988	8373687	2.780119641910924
0.394286	2960034	8154543	2.754881531766189
0.397143	2901581	7923766	2.7308443224573087
0.400000	2836564	7681368	2.707983320665425
0.402857	2775922	7494240	2.699730035642212
0.405714	2714088	7275067	2.6804830941369624
0.408571	2665076	7114164	2.669403799366322
0.411429	2617017	6955569	2.65782339205286
0.414286	2572755	6817257	2.649788650687687
0.417143	2534743	6694749	2.6411943932777406
0.420000	2500239	6572248	2.6286479012606394
0.422857	2460952	6440007	2.6168763145319374
0.425714	2426366	6334242	2.610588015163417
0.428571	2394818	6230389	2.6016127321575166
0.431429	2361026	6104962	2.5857241724572284
0.434286	2330874	6003241	2.575532182348767
0.437143	2303414	5907743	2.5647768920393816
0.440000	2279608	5823828	2.5547497639945114
0.442857	2249032	5734427	2.5497311732336403
0.445714	2218756	5647501	2.5453456801919634
0.448571	2192341	5563932	2.5378953365375185
0.451429	2161215	5464302	2.528347249116816
0.454286	2128424	5344000	2.5107779277061337
0.457143	2098492	5235605	2.4949368403596486
0.460000	2070374	5128620	2.4771466411382677
0.462857	2040837	5015804	2.4577190633058885
0.465714	1998621	4884295	2.4438325225242803
0.468571	1962107	4773201	2.4326914893020617
0.471429	1920230	4647469	2.4202668430344283
0.474286	1887173	4543179	2.4073993216308205
0.477143	1847371	4420195	2.392694807918929
0.480000	1818672	4311227	2.37053575356084
0.482857	1782287	4206180	2.3599902821487224
0.485714	1742643	4091587	2.3479203715276165
0.488571	1702345	3963960	2.328529175930848
0.491429	1660407	3843767	2.3149547068881304
0.494286	1622878	3737362	2.302922339202331
0.497143	1582189	3620991	2.2885957366661
0.500000	1541328	3508432	2.2762397101720073
0.502857	1503037	3403329	2.2643015441402974
0.505714	1459423	3275938	2.244680260623548
0.508571	1419412	3167498	2.2315564473176215
0.511429	1376044	3042668	2.2111705730340017
0.514286	1337276	2935577	2.1951915685318513
0.517143	1290670	2812004	2.178716480587602
0.520000	1247493	2690647	2.1568433650529504
0.522857	1206202	2580049	2.138985841509134
0.525714	1169450	2478089	2.1190209072640984
0.528571	1135383	2381649	2.097661317810818
0.531429	1095786	2274784	2.075938185010577
0.534286	1058106	2174001	2.054615511111363
0.537143	1018070	2070158	2.0334142053100472
0.540000	983116	1973056	2.0069411951387224
0.542857	948375	1885472	1.988108079609859
0.545714	914812	1790553	1.9572906783033017
0.548571	882188	1706056	1.9338916421443049
0.551429	847014	1617312	1.9094277072161736
0.554286	815911	1536600	1.8832936435469065
0.557143	789423	1467068	1.8584054429627714
0.560000	762812	1410367	1.8489051037477124
0.562857	737302	1335903	1.8118803421121874
0.565714	713479	1267799	1.7769254596140882
0.568571	689711	1208270	1.7518496877677752
0.571429	664913	1141534	1.7168170873482695
0.574286	641645	1074062	1.6739193790959175
0.577143	615795	1010310	1.640659635105839
0.580000	591454	961851	1.62624819512591
0.582857	567959	897489	1.5802003313619468
0.585714	544381	849802	1.5610427255910841
0.588571	526616	812071	1.5420553116502347
0.591429	506890	769450	1.5179822052121763
0.594286	483481	735109	1.520450648526002
0.597143	466111	709738	1.522680219947609
0.600000	448173	686047	1.5307637898757847
0.602857	430626	669049	1.5536660582500825
0.605714	413854	657938	1.5897828702875894
0.608571	399681	635296	1.5895076323367885
0.611429	386763	631433	1.6326096343238625
0.614286	373056	641615	1.719889239149082
0.617143	359870	643621	1.7884819518159336
0.620000	343813	624369	1.8160133560976461
0.622857	327465	619091	1.8905562426518865
0.625714	309222	600577	1.9422195057272769
0.628571	288807	589728	2.0419449667078706
0.631429	268665	564804	2.1022611802802746
0.634286	246475	530352	2.151747641748656
0.637143	228672	494158	2.160990414217744
0.640000	209997	466285	2.2204364824259395
0.642857	189684	407658	2.1491427848421587
0.645714	171716	360888	2.1016562230659925
0.648571	152340	328882	2.1588683208612314
0.651429	136490	301978	2.2124551249175766
0.654286	121814	260167	2.1357725712972235
0.657143	106884	231405	2.165010665768497
0.660000	94992	200454	2.1102198079838304
0.662857	84286	174253	2.067401466435707
0.665714	74256	151212	2.036360698125404
0.668571	64632	132555	2.0509190493873004
0.671429	55232	110590	2.0022812862108923
0.674286	47772	96181	2.013334170643892
0.677143	40589	83246	2.050949764714578
0.680000	33989	69077	2.0323339904086617
0.682857	29622	56832	1.9185740328134495
0.685714	25043	45024	1.7978676676117078
0.688571	21246	34919	1.643556434152311
0.691429	17338	26104	1.5055946475948783
0.694286	13775	19234	1.3962976406533576
0.697143	11292	15072	1.334750265674814
0.700000	9418	12552	1.3327670418347846
0.702857	7941	11303	1.4233723712378794
0.705714	6308	9156	1.4514901712111605
0.708571	5132	7644	1.4894777864380357
0.711429	4118	6600	1.602719766877125
0.714286	3527	5606	1.5894527927417068
0.717143	2883	4416	1.5317377731529656
0.720000	2430	3683	1.5156378600823046
0.722857	1974	3063	1.5516717325227964
0.725714	1496	2608	1.7433155080213905
0.728571	1288	2070	1.6071428571428572
0.731429	974	1339	1.3747433264887063
0.734286	758	904	1.1926121372031662
0.737143	483	539	1.1159420289855073
0.740000	465	519	1.1161290322580646
0.742857	295	437	1.4813559322033898
0.745714	291	481	1.6529209621993126
0.748571	252	420	1.6666666666666667
0.751429	210	326	1.5523809523809524
0.754286	125	244	1.952
0.757143	66	110	1.6666666666666667
0.760000	65	88	1.353846153846154
0.762857	78	88	1.1282051282051282
0.765714	44	65	1.4772727272727273
0.768571	14	18	1.2857142857142858
0.771429	31	26	0.8387096774193549
0.774286	26	13	0.5
0.777143	27	28	1.037037037037037
0.780000	14	7	0.5
0.782857	50	27	0.54
0.785714	41	12	0.2926829268292683
0.788571	26	0	0.0
0.791429	11	0	0.0
