GC	Num. Positions	Overlapping Reads	Avg. Coverage
0.000000	401	1804	4.498753117206983
0.002857	106	740	6.981132075471698
0.005714	47	117	2.4893617021276597
0.008571	54	126	2.3333333333333335
0.011429	20	45	2.25
0.014286	95	420	4.421052631578948
0.017143	68	280	4.117647058823529
0.020000	45	220	4.888888888888889
0.022857	33	130	3.9393939393939394
0.025714	78	302	3.871794871794872
0.028571	129	822	6.372093023255814
0.031429	119	769	6.46218487394958
0.034286	265	1802	6.8
0.037143	139	714	5.136690647482014
0.040000	220	1153	5.240909090909091
0.042857	143	658	4.601398601398602
0.045714	223	1171	5.251121076233184
0.048571	253	1504	5.944664031620554
0.051429	265	1853	6.992452830188679
0.054286	249	1390	5.582329317269076
0.057143	264	1436	5.4393939393939394
0.060000	331	1884	5.691842900302115
0.062857	346	2416	6.982658959537572
0.065714	375	2139	5.704
0.068571	471	2678	5.685774946921444
0.071429	452	2447	5.413716814159292
0.074286	520	3095	5.951923076923077
0.077143	556	3845	6.91546762589928
0.080000	582	3920	6.7353951890034365
0.082857	799	6544	8.190237797246558
0.085714	900	7861	8.734444444444444
0.088571	1021	9472	9.277179236043095
0.091429	1188	8025	6.755050505050505
0.094286	1213	8121	6.694971145919209
0.097143	1308	9533	7.288226299694189
0.100000	1469	10225	6.960517358747447
0.102857	1590	11666	7.337106918238994
0.105714	1766	14116	7.993204983012458
0.108571	1724	14582	8.458236658932714
0.111429	1762	14074	7.987514188422248
0.114286	1824	12853	7.046600877192983
0.117143	2132	14726	6.907129455909944
0.120000	2159	14819	6.8638258452987495
0.122857	2675	18096	6.764859813084112
0.125714	3186	22730	7.134337727558067
0.128571	3458	23346	6.751301330248698
0.131429	3515	23298	6.628165007112376
0.134286	4163	28498	6.8455440787893345
0.137143	4088	28813	7.048189823874756
0.140000	4560	32636	7.1570175438596495
0.142857	5073	35098	6.918588606347329
0.145714	5125	36763	7.173268292682927
0.148571	5600	42829	7.648035714285714
0.151429	6185	46732	7.555699272433307
0.154286	7087	51988	7.335685057146889
0.157143	7962	58340	7.3273046973122336
0.160000	9103	65184	7.16071624739097
0.162857	11298	89155	7.8912196848999825
0.165714	15826	105606	6.6729432579299885
0.168571	19339	119117	6.159418791044004
0.171429	19973	128320	6.4246733089671055
0.174286	20554	133844	6.511822516298531
0.177143	21690	144033	6.640525587828493
0.180000	22535	152874	6.783847348568893
0.182857	23699	164313	6.933330520275117
0.185714	26908	190347	7.073992864575591
0.188571	29749	213995	7.193351037009648
0.191429	33720	240287	7.125948991696323
0.194286	38012	269686	7.094759549615911
0.197143	42734	307776	7.202134132072823
0.200000	47142	339614	7.204064316320903
0.202857	53563	387113	7.227246420103429
0.205714	61594	449729	7.301506640257168
0.208571	68081	487348	7.158355488315389
0.211429	75847	525566	6.929291863883871
0.214286	82496	572272	6.936966640806827
0.217143	90121	625585	6.941611832980104
0.220000	98123	680597	6.936161756163183
0.222857	109920	766017	6.968859170305677
0.225714	120415	837167	6.952348129385874
0.228571	134897	938506	6.957204385568248
0.231429	147441	1024467	6.948318310374997
0.234286	163418	1129205	6.909918124074459
0.237143	181928	1252007	6.881881843366607
0.240000	199533	1372500	6.878561440964653
0.242857	220462	1514039	6.867573550090265
0.245714	241676	1653448	6.841589566196064
0.248571	264025	1809728	6.854381213900199
0.251429	290343	1962987	6.7609241483349
0.254286	314041	2117425	6.742511328138683
0.257143	339992	2278293	6.701019435751429
0.260000	371321	2485732	6.694294155191869
0.262857	402067	2685335	6.67882467349969
0.265714	435052	2906391	6.680560025008504
0.268571	469598	3121064	6.64624636391126
0.271429	505986	3333313	6.587757368780954
0.274286	543325	3556877	6.546499792941609
0.277143	581899	3790103	6.513334788339558
0.280000	620395	4025448	6.4885242466493125
0.282857	663209	4274423	6.44506181309361
0.285714	705513	4539357	6.43412240454818
0.288571	751546	4802430	6.39006793995311
0.291429	800194	5087315	6.357602031507359
0.294286	847792	5397944	6.367061732122973
0.297143	896630	5799805	6.468448523917335
0.300000	952187	6093104	6.399062369051458
0.302857	1007306	6260514	6.21510643240485
0.305714	1060750	6542334	6.167649304737214
0.308571	1110869	6759880	6.085217968995444
0.311429	1158074	7019842	6.061652364183981
0.314286	1208717	7283895	6.02613763188571
0.317143	1253428	7473808	5.962694307132121
0.320000	1297782	7687000	5.9231827841656
0.322857	1338416	7878372	5.886340270887377
0.325714	1381228	8097057	5.8622160859756685
0.328571	1415649	8288292	5.854764846370816
0.331429	1441542	8438314	5.853671970709144
0.334286	1468248	8512680	5.797848864769439
0.337143	1483748	8544420	5.7586733057095945
0.340000	1497480	8583797	5.7321613644255685
0.342857	1509829	8617858	5.707837112679647
0.345714	1521863	8645844	5.681092187667352
0.348571	1538276	8701229	5.6564810216112065
0.351429	1552784	8740099	5.628663742027223
0.354286	1567247	8761838	5.590591655303855
0.357143	1574272	8762181	5.565862188999105
0.360000	1585438	8761566	5.526274758142545
0.362857	1596759	8775361	5.495732918994038
0.365714	1593591	8717732	5.470495252545979
0.368571	1591764	8664975	5.443630462807301
0.371429	1588037	8609575	5.421520405380983
0.374286	1583348	8545446	5.397073795526946
0.377143	1580296	8491036	5.37306681786197
0.380000	1571456	8400953	5.345967688563982
0.382857	1564263	8303217	5.308069678819994
0.385714	1557086	8219342	5.278669257831616
0.388571	1548773	8132338	5.250826299270455
0.391429	1541010	8054931	5.227046547394242
0.394286	1532177	7958124	5.19399782140053
0.397143	1525958	7885093	5.167306701757191
0.400000	1514448	7797449	5.148706987628496
0.402857	1504698	7708900	5.123220739311144
0.405714	1491916	7596406	5.091711597703892
0.408571	1484881	7523231	5.066554828299372
0.411429	1473187	7425486	5.0404232456572045
0.414286	1460344	7324430	5.0155511304185865
0.417143	1449587	7226174	4.984988138000686
0.420000	1440936	7127895	4.946711720714869
0.422857	1429200	7036813	4.923602714805486
0.425714	1421060	6966771	4.902517135096336
0.428571	1408690	6874879	4.880334921096906
0.431429	1399388	6796903	4.8570539407226585
0.434286	1389136	6715479	4.83428476405478
0.437143	1377404	6626201	4.810644516786651
0.440000	1365767	6528967	4.780439855407255
0.442857	1350724	6431395	4.761442752183274
0.445714	1334291	6323663	4.73934321673458
0.448571	1317265	6211698	4.715602403464755
0.451429	1302479	6103938	4.686400318162519
0.454286	1287437	6002551	4.6624036748982665
0.457143	1269720	5899065	4.645957376429449
0.460000	1247789	5766138	4.621084173686416
0.462857	1231936	5672166	4.60427002701439
0.465714	1209859	5553886	4.590523358507066
0.468571	1186456	5413310	4.562588077433971
0.471429	1162592	5291625	4.5515752731826815
0.474286	1135528	5164489	4.548094806997273
0.477143	1109855	5035817	4.537364790896108
0.480000	1084475	4905047	4.522969178634823
0.482857	1057046	4773261	4.51566062404096
0.485714	1029185	4629675	4.498389502373237
0.488571	998407	4479254	4.486400836532597
0.491429	970431	4343002	4.4753331251784
0.494286	943648	4209587	4.460971675879142
0.497143	918478	4086516	4.449225784395489
0.500000	888118	3946633	4.443816024447202
0.502857	862534	3818837	4.42746256959146
0.505714	838422	3698737	4.411545737110906
0.508571	810407	3556769	4.38886756901162
0.511429	781263	3417021	4.373714101397352
0.514286	749453	3266632	4.358688269978238
0.517143	722369	3141524	4.34891862746048
0.520000	694279	3017072	4.345618980265859
0.522857	664261	2882404	4.339264234991968
0.525714	632560	2755325	4.355831857847477
0.528571	601221	2628190	4.371420825287207
0.531429	573349	2509742	4.377337363455766
0.534286	542879	2380045	4.3841169026615505
0.537143	510811	2244132	4.393272658576264
0.540000	484591	2138956	4.413940828451209
0.542857	457004	2018990	4.417882556826636
0.545714	434090	1925596	4.435937248036121
0.548571	411674	1830065	4.445422834572987
0.551429	390677	1742748	4.460841052839046
0.554286	371799	1662992	4.472825370697608
0.557143	352837	1584863	4.491770987736547
0.560000	332941	1501733	4.510507867760354
0.562857	318431	1439290	4.519943095992539
0.565714	301966	1366820	4.526403634846307
0.568571	285130	1293902	4.5379370813313225
0.571429	267730	1218734	4.552100997273373
0.574286	253260	1151523	4.54680170575693
0.577143	238905	1091354	4.568150520081204
0.580000	224421	1031217	4.595011162057027
0.582857	210234	968671	4.607584881608113
0.585714	197684	911457	4.610676635438376
0.588571	183573	852520	4.644038066600208
0.591429	170434	795883	4.669743126371499
0.594286	159167	740473	4.652176644656241
0.597143	148978	695600	4.669145779913813
0.600000	139422	651971	4.676241913040983
0.602857	129404	606123	4.683958764798615
0.605714	120684	568660	4.711975075403533
0.608571	111698	528709	4.733379290587119
0.611429	103036	487757	4.733850304747855
0.614286	95770	454112	4.7416936410149315
0.617143	88991	425959	4.786540211931544
0.620000	81883	393528	4.805979263094904
0.622857	74015	360424	4.869607511990813
0.625714	67990	335652	4.936784821297249
0.628571	62403	305663	4.898210021954073
0.631429	57062	280680	4.918860187164838
0.634286	51813	255781	4.936618223225832
0.637143	46304	228961	4.944734796129924
0.640000	41455	204133	4.924206971414787
0.642857	36965	180978	4.895928581090221
0.645714	33123	162384	4.902454487818132
0.648571	30430	149721	4.920177456457443
0.651429	27358	135033	4.93577746911324
0.654286	24272	120496	4.964403427818062
0.657143	21983	108110	4.917891097666379
0.660000	19866	96988	4.882110137924092
0.662857	17439	85739	4.916508974138425
0.665714	16011	76492	4.777465492473924
0.668571	14159	67574	4.772512183063776
0.671429	11937	58266	4.881125911032923
0.674286	9869	50578	5.124936670382004
0.677143	8508	43810	5.1492712740949695
0.680000	7581	38402	5.0655586334256695
0.682857	6429	32867	5.112303624202831
0.685714	5296	27154	5.12726586102719
0.688571	4540	23179	5.105506607929516
0.691429	3760	18949	5.039627659574468
0.694286	3067	15247	4.971307466579719
0.697143	2465	12358	5.013387423935091
0.700000	2077	10479	5.0452575830524795
0.702857	1692	8368	4.945626477541371
0.705714	1313	6689	5.094440213252095
0.708571	1043	5415	5.191754554170662
0.711429	865	4512	5.216184971098266
0.714286	780	4217	5.406410256410257
0.717143	737	4047	5.491180461329715
0.720000	658	3595	5.463525835866261
0.722857	456	2454	5.381578947368421
0.725714	288	1716	5.958333333333333
0.728571	217	1313	6.050691244239632
0.731429	216	1298	6.0092592592592595
0.734286	152	968	6.368421052631579
0.737143	112	630	5.625
0.740000	113	563	4.982300884955753
0.742857	88	336	3.8181818181818183
0.745714	57	362	6.350877192982456
0.748571	42	265	6.309523809523809
0.751429	40	214	5.35
0.754286	49	208	4.244897959183674
0.757143	29	75	2.586206896551724
0.760000	7	24	3.4285714285714284
0.762857	29	67	2.310344827586207
0.765714	26	44	1.6923076923076923
0.768571	27	48	1.7777777777777777
0.771429	23	46	2.0
0.774286	19	22	1.1578947368421053
0.777143	26	75	2.8846153846153846
0.780000	1	7	7.0
