GC	Num. Positions	Overlapping Reads	Avg. Coverage
0.000000	523	514	0.982791586998088
0.002857	313	731	2.3354632587859423
0.005714	219	639	2.9178082191780823
0.008571	314	376	1.197452229299363
0.011429	172	4014	23.337209302325583
0.014286	67	557	8.313432835820896
0.017143	81	377	4.654320987654321
0.020000	246	658	2.6747967479674797
0.022857	313	954	3.047923322683706
0.025714	369	1342	3.6368563685636857
0.028571	289	1238	4.283737024221454
0.031429	415	1292	3.113253012048193
0.034286	558	1896	3.3978494623655915
0.037143	660	1750	2.6515151515151514
0.040000	541	1964	3.6303142329020335
0.042857	605	2387	3.9454545454545453
0.045714	754	3182	4.220159151193634
0.048571	749	3746	5.001335113484646
0.051429	897	4706	5.246376811594203
0.054286	864	3995	4.623842592592593
0.057143	1053	5232	4.968660968660969
0.060000	1289	6768	5.250581846392552
0.062857	1252	5966	4.76517571884984
0.065714	1176	7200	6.122448979591836
0.068571	1310	6733	5.139694656488549
0.071429	1612	11796	7.317617866004963
0.074286	1863	15233	8.176596886741814
0.077143	2000	14007	7.0035
0.080000	2130	13933	6.541314553990611
0.082857	2337	14246	6.0958493795464275
0.085714	2204	10474	4.752268602540835
0.088571	2588	29762	11.5
0.091429	2792	18707	6.700214899713467
0.094286	2837	14325	5.049347902714135
0.097143	3112	16446	5.2847043701799485
0.100000	3359	17656	5.2563262875855905
0.102857	3692	20503	5.553358613217768
0.105714	4193	27792	6.628189840209874
0.108571	4506	30274	6.718597425654683
0.111429	4632	26330	5.684369602763385
0.114286	5098	60949	11.95547273440565
0.117143	5494	96841	17.62668365489625
0.120000	5686	60773	10.688181498417165
0.122857	5865	47528	8.103665814151748
0.125714	6483	58772	9.065556069720808
0.128571	7644	86401	11.303113553113553
0.131429	8641	98003	11.341627126489989
0.134286	9093	158341	17.41350489387441
0.137143	9813	91282	9.302150208906552
0.140000	10166	79568	7.826873893370057
0.142857	11663	83405	7.151247534939553
0.145714	12339	104171	8.442418348326445
0.148571	12899	147248	11.415458562679277
0.151429	14486	164996	11.390031754797736
0.154286	15217	170820	11.225602944075705
0.157143	16746	925725	55.280365460408454
0.160000	18906	588172	31.110335343277267
0.162857	21179	166630	7.867699135936541
0.165714	24545	275834	11.237889590547972
0.168571	29384	200178	6.812482983936836
0.171429	32374	277968	8.586149379131403
0.174286	34309	228757	6.667550788422862
0.177143	37001	258532	6.987162509121375
0.180000	38551	272529	7.069310783118467
0.182857	41541	609576	14.674081028381599
0.185714	44435	513141	11.548126476876336
0.188571	48826	358561	7.343648875599066
0.191429	53444	320002	5.987613202604596
0.194286	59326	442822	7.4642146782186565
0.197143	64875	381744	5.884300578034682
0.200000	71049	435681	6.132120086137736
0.202857	78865	484105	6.138401065111266
0.205714	85402	462099	5.410868597925107
0.208571	91872	492193	5.357377655869035
0.211429	101391	522409	5.1524198400252486
0.214286	108785	575291	5.2883301925816975
0.217143	120556	645254	5.352317595142506
0.220000	132094	679410	5.143382742592396
0.222857	146683	790369	5.388279487057123
0.225714	161281	850705	5.274675876265648
0.228571	177970	981040	5.512389728605945
0.231429	196076	1051638	5.3634203064118
0.234286	215612	1134618	5.2623137858746265
0.237143	233994	1211965	5.179470413771293
0.240000	257206	1297632	5.045107812414951
0.242857	280293	1390606	4.961258397462655
0.245714	308586	1528093	4.951919400102403
0.248571	335630	1671230	4.979382057622978
0.251429	364435	1771818	4.86182172403858
0.254286	394196	1911872	4.850054287714741
0.257143	429008	2060788	4.803612053854474
0.260000	463578	2221994	4.793139450103327
0.262857	503051	2370574	4.712392978047951
0.265714	543198	2569176	4.729722863486242
0.268571	585381	2740033	4.680768593445978
0.271429	633660	2935334	4.632348578101821
0.274286	686463	3157496	4.599659413544503
0.277143	749090	3436156	4.587107023188135
0.280000	820652	3752988	4.573178399613965
0.282857	900871	4093918	4.544399808629648
0.285714	990735	4475694	4.517549092340535
0.288571	1097673	4987374	4.54358811777278
0.291429	1215925	5479556	4.506491765528302
0.294286	1345684	6106324	4.537710190505349
0.297143	1491092	6839057	4.5866096793490945
0.300000	1643292	7520630	4.576563386178476
0.302857	1798155	8264501	4.596100447403033
0.305714	1950424	8959170	4.593447373494174
0.308571	2083281	9562950	4.590331309122485
0.311429	2203449	10135107	4.5996558123196865
0.314286	2308804	10616001	4.598052065051863
0.317143	2379810	10889254	4.57568209226787
0.320000	2422059	10998552	4.540992601749173
0.322857	2443228	11030516	4.514730512256736
0.325714	2443437	10849858	4.440408326468004
0.328571	2421104	10657759	4.402024448350835
0.331429	2387181	10329737	4.3271695778409764
0.334286	2348943	9974924	4.246558558466511
0.337143	2307585	9667934	4.189632884595801
0.340000	2268403	9317248	4.107404195815294
0.342857	2242330	9059423	4.0401827563293535
0.345714	2216598	8850225	3.9927063906039795
0.348571	2208857	8699017	3.9382436255493225
0.351429	2207194	8604209	3.898256791201861
0.354286	2210945	8543965	3.86439508897779
0.357143	2223026	8501068	3.824097423961753
0.360000	2234977	8487168	3.797429682721567
0.362857	2249738	8458543	3.759790251131465
0.365714	2265449	8458479	3.7336876707442985
0.368571	2282592	8500491	3.724051867350801
0.371429	2296714	8514259	3.7071481255393577
0.374286	2313722	8537178	3.689802837160212
0.377143	2329925	8547571	3.668603495820681
0.380000	2336133	8544268	3.6574407364649186
0.382857	2331587	8518667	3.65359173815946
0.385714	2313971	8431596	3.643777731008729
0.388571	2285948	8304863	3.6330060876275403
0.391429	2249444	8132137	3.615176461383346
0.394286	2213218	7898493	3.5687821985904686
0.397143	2167406	7655334	3.5320258410284
0.400000	2120076	7445614	3.511956175155985
0.402857	2074535	7221945	3.4812355539916173
0.405714	2030940	7031395	3.462138221710144
0.408571	1997014	6871752	3.4410134330555517
0.411429	1960691	6716481	3.4255683327969577
0.414286	1925091	6561859	3.4085967884115607
0.417143	1900818	6454808	3.3958053848395795
0.420000	1877053	6326382	3.370380058527916
0.422857	1853987	6209673	3.3493616729782896
0.425714	1832065	6087841	3.3229394153591714
0.428571	1812560	6006218	3.313665754512954
0.431429	1787859	5924434	3.3137031499687617
0.434286	1764869	5789096	3.28018453494282
0.437143	1736213	5677554	3.270079189592521
0.440000	1721284	5579415	3.2414261679072136
0.442857	1700052	5473435	3.2195691661196246
0.445714	1680824	5379350	3.2004243156927794
0.448571	1659034	5283590	3.1847388299456187
0.451429	1636730	5191115	3.1716379610564966
0.454286	1613493	5117639	3.171776388245874
0.457143	1589064	5017796	3.157705416521927
0.460000	1562908	4878665	3.121530505954285
0.462857	1537459	4757244	3.094224951689769
0.465714	1513196	4643274	3.0685211961966594
0.468571	1485756	4545464	3.0593610256327417
0.471429	1452722	4420284	3.042759729666103
0.474286	1426990	4319712	3.027149454446072
0.477143	1401210	4222446	3.0134283940308735
0.480000	1371759	4124606	3.0068007572758773
0.482857	1340899	4012423	2.9923379762383298
0.485714	1312497	3905600	2.9757020396999003
0.488571	1279311	3785378	2.9589192932758337
0.491429	1245824	3659936	2.9377632795643684
0.494286	1217251	3558358	2.9232738358810137
0.497143	1181843	3442252	2.912613604345078
0.500000	1150695	3332773	2.896313097736585
0.502857	1120153	3226090	2.8800440654089217
0.505714	1087251	3119371	2.8690440385890654
0.508571	1054051	3027307	2.872068808814754
0.511429	1016420	2906043	2.8590966332815175
0.514286	984714	2801131	2.8446137660274964
0.517143	948099	2680940	2.827700482755493
0.520000	913973	2578160	2.8208273110912465
0.522857	883562	2476454	2.8028072732869904
0.525714	849882	2369431	2.7879529158165486
0.528571	815382	2257723	2.768914447461435
0.531429	787274	2165870	2.751100633324611
0.534286	756808	2069188	2.7340990052959273
0.537143	726291	1965849	2.7066960763660846
0.540000	698430	1872686	2.681279441032029
0.542857	669510	1787773	2.670270795059073
0.545714	642480	1704884	2.6535985555970614
0.548571	614995	1616753	2.6288880397401604
0.551429	592349	1541948	2.6031072897903096
0.554286	569933	1468527	2.576666029164832
0.557143	548601	1404669	2.560456506641439
0.560000	528367	1338369	2.5330291255888424
0.562857	508553	1271872	2.5009625348783704
0.565714	487499	1199161	2.459822481687142
0.568571	470791	1138579	2.4184383303843955
0.571429	454181	1079500	2.3768057228285637
0.574286	436283	1011587	2.318648675286454
0.577143	420161	953709	2.2698655991393775
0.580000	403320	902346	2.237295447783398
0.582857	388238	855104	2.20252525512701
0.585714	372407	804697	2.160799877553322
0.588571	357109	762151	2.1342251245418065
0.591429	341203	711991	2.086707912884705
0.594286	326499	664049	2.033846964309232
0.597143	316623	630841	1.992404215739223
0.600000	303814	602114	1.981850737622361
0.602857	290228	566053	1.9503734994556003
0.605714	278149	539495	1.9395899320148553
0.608571	268366	518143	1.9307326561486924
0.611429	258069	496415	1.9235747028895374
0.614286	246810	467710	1.8950204610834245
0.617143	236791	450735	1.9035140693691905
0.620000	226329	431510	1.906560803078704
0.622857	214461	412505	1.923449951273192
0.625714	202672	400121	1.974229296597458
0.628571	191606	384574	2.0071083368996794
0.631429	181996	373623	2.0529187454669335
0.634286	172968	358634	2.0734124231071642
0.637143	163974	340394	2.0759022771902864
0.640000	155007	318253	2.0531524382769812
0.642857	144607	292530	2.022931116750918
0.645714	130041	255288	1.9631347036703808
0.648571	117040	233485	1.9949162679425838
0.651429	106908	216589	2.0259381898454745
0.654286	97120	198136	2.0401153212520593
0.657143	86825	177641	2.045966023610711
0.660000	79036	160728	2.033604939521231
0.662857	70668	146795	2.0772485424803304
0.665714	63058	135359	2.1465793396555553
0.668571	54058	116316	2.15168892670835
0.671429	46856	99185	2.116804678162882
0.674286	40696	86664	2.1295459013170825
0.677143	34212	71292	2.0838302350052613
0.680000	28180	58234	2.066501064584812
0.682857	23290	47293	2.030613997423787
0.685714	19300	38391	1.9891709844559586
0.688571	15768	30962	1.9635971588026382
0.691429	12409	23830	1.920380369086953
0.694286	9898	18566	1.8757324712063044
0.697143	7960	14511	1.8229899497487436
0.700000	6535	11954	1.8292272379495027
0.702857	5716	10119	1.770293911826452
0.705714	4335	7403	1.7077277970011535
0.708571	3731	6474	1.735191637630662
0.711429	3059	5448	1.780974174566852
0.714286	2218	3979	1.7939585211902616
0.717143	1994	3587	1.7988966900702106
0.720000	1743	2955	1.6953528399311533
0.722857	1422	2584	1.8171589310829817
0.725714	1082	1898	1.7541589648798521
0.728571	755	1301	1.7231788079470198
0.731429	611	1023	1.67430441898527
0.734286	385	728	1.8909090909090909
0.737143	283	401	1.4169611307420495
0.740000	205	277	1.351219512195122
0.742857	197	334	1.6954314720812182
0.745714	185	344	1.8594594594594596
0.748571	217	295	1.359447004608295
0.751429	147	198	1.346938775510204
0.754286	113	132	1.168141592920354
0.757143	66	87	1.3181818181818181
0.760000	42	98	2.3333333333333335
0.762857	30	59	1.9666666666666666
0.765714	35	74	2.1142857142857143
0.768571	14	24	1.7142857142857142
0.771429	15	35	2.3333333333333335
0.774286	9	9	1.0
0.777143	13	27	2.076923076923077
0.780000	18	12	0.6666666666666666
0.782857	14	0	0.0
0.785714	12	0	0.0
0.788571	15	0	0.0
0.791429	14	0	0.0
0.794286	6	0	0.0
0.797143	18	0	0.0
0.800000	21	0	0.0
0.802857	20	0	0.0
0.805714	19	0	0.0
0.808571	5	0	0.0
0.811429	6	0	0.0
0.814286	30	0	0.0
0.817143	176	0	0.0
0.820000	119	0	0.0
0.822857	78	0	0.0
0.825714	150	0	0.0
0.828571	117	0	0.0
0.831429	172	0	0.0
0.834286	153	0	0.0
0.837143	24	0	0.0
