GC	Num. Positions	Overlapping Reads	Avg. Coverage
0.000000	401	1881	4.690773067331671
0.002857	106	269	2.5377358490566038
0.005714	47	35	0.7446808510638298
0.008571	54	50	0.9259259259259259
0.011429	20	8	0.4
0.014286	95	150	1.5789473684210527
0.017143	68	152	2.235294117647059
0.020000	45	109	2.422222222222222
0.022857	33	82	2.484848484848485
0.025714	78	377	4.833333333333333
0.028571	129	786	6.093023255813954
0.031429	119	1276	10.722689075630251
0.034286	265	3330	12.566037735849056
0.037143	139	831	5.9784172661870505
0.040000	220	1571	7.140909090909091
0.042857	143	967	6.7622377622377625
0.045714	223	1552	6.959641255605381
0.048571	253	2371	9.371541501976285
0.051429	265	2157	8.139622641509433
0.054286	249	1640	6.586345381526105
0.057143	264	1602	6.068181818181818
0.060000	331	2479	7.4894259818731115
0.062857	346	3010	8.699421965317919
0.065714	375	2657	7.085333333333334
0.068571	471	3276	6.955414012738854
0.071429	452	2381	5.267699115044247
0.074286	520	2168	4.1692307692307695
0.077143	556	2798	5.032374100719425
0.080000	582	3138	5.391752577319588
0.082857	799	3750	4.693366708385482
0.085714	900	4925	5.472222222222222
0.088571	1021	6619	6.482859941234084
0.091429	1188	5080	4.276094276094276
0.094286	1213	5687	4.688375927452597
0.097143	1308	6647	5.0818042813455655
0.100000	1469	5875	3.9993192648059903
0.102857	1590	6265	3.940251572327044
0.105714	1766	8993	5.092298980747452
0.108571	1724	8856	5.1368909512761025
0.111429	1762	8712	4.944381384790011
0.114286	1824	8022	4.3980263157894735
0.117143	2132	9043	4.24155722326454
0.120000	2159	8872	4.109309865678555
0.122857	2675	13146	4.914392523364486
0.125714	3186	17620	5.530445699937226
0.128571	3458	17264	4.992481203007519
0.131429	3515	16443	4.677951635846373
0.134286	4163	22466	5.396588998318521
0.137143	4088	18585	4.546232876712328
0.140000	4560	21887	4.799780701754386
0.142857	5073	23758	4.683224916223142
0.145714	5125	22151	4.322146341463415
0.148571	5600	25379	4.5319642857142854
0.151429	6185	26480	4.281325788197251
0.154286	7087	29310	4.135741498518414
0.157143	7962	33204	4.170308967596082
0.160000	9103	38915	4.274964297484346
0.162857	11298	88377	7.822357939458311
0.165714	15826	79114	4.998989005434096
0.168571	19339	97102	5.02104555561301
0.171429	19973	90620	4.537125118910529
0.174286	20554	96904	4.714605429600078
0.177143	21690	93682	4.319133241124942
0.180000	22535	99120	4.398491235855336
0.182857	23699	95829	4.043588337060635
0.185714	26908	113052	4.20142708488182
0.188571	29749	122642	4.122558741470302
0.191429	33720	134088	3.9765124555160143
0.194286	38012	156910	4.127906976744186
0.197143	42734	176871	4.138882388730285
0.200000	47142	194132	4.118026388358576
0.202857	53563	225739	4.214457741351306
0.205714	61594	265438	4.3094781959281745
0.208571	68081	282846	4.154551196369031
0.211429	75847	297297	3.919693593682018
0.214286	82496	321155	3.8929766291698993
0.217143	90121	352870	3.9155135872882014
0.220000	98123	383692	3.9103166433965533
0.222857	109920	429983	3.911781295487627
0.225714	120415	469997	3.903143296100984
0.228571	134897	527537	3.9106651741699223
0.231429	147441	575313	3.9019879138095916
0.234286	163418	632973	3.8733370864898604
0.237143	181928	705538	3.8781166175629918
0.240000	199533	766728	3.842612500187939
0.242857	220462	850355	3.857149985031434
0.245714	241676	924147	3.8239088697264108
0.248571	264025	1004896	3.8060638197140424
0.251429	290343	1101419	3.793509745370131
0.254286	314041	1183977	3.7701351097468163
0.257143	339992	1272454	3.742599825878256
0.260000	371321	1387947	3.7378629272246924
0.262857	402067	1501978	3.735641074746249
0.265714	435052	1620950	3.7258764469534675
0.268571	469598	1748418	3.7232228416645725
0.271429	505986	1874122	3.7039008984438304
0.274286	543325	2000345	3.681673031794966
0.277143	581899	2131066	3.6622609765612246
0.280000	620395	2257997	3.639611860185849
0.282857	663209	2396828	3.613985938067789
0.285714	705513	2533275	3.5906850759659994
0.288571	751546	2676375	3.5611592637044174
0.291429	800194	2839126	3.5480470985785946
0.294286	847792	2991353	3.5284043727706798
0.297143	896630	3142436	3.504718780321872
0.300000	952187	3310410	3.4766385174340755
0.302857	1007306	3477586	3.4523630356614574
0.305714	1060750	3637824	3.4294829130332314
0.308571	1110869	3785754	3.407921186026435
0.311429	1158074	3911705	3.3777677419577676
0.314286	1208717	4064941	3.3630212862067794
0.317143	1253428	4191076	3.343691061632579
0.320000	1297782	4322183	3.330438394121663
0.322857	1338416	4443197	3.3197428901029276
0.325714	1381228	4561685	3.3026299785408346
0.328571	1415649	4654933	3.288197144913746
0.331429	1441542	4730947	3.281865530105956
0.334286	1468248	4805734	3.2731078128490556
0.337143	1483748	4846648	3.2664899969536605
0.340000	1497480	4875552	3.255837807516628
0.342857	1509829	4897886	3.2440004795245025
0.345714	1521863	4939767	3.245868386313354
0.348571	1538276	4963234	3.2264912148405096
0.351429	1552784	5012987	3.2283865624581396
0.354286	1567247	5044331	3.2185934954732724
0.357143	1574272	5040003	3.2014817007480283
0.360000	1585438	5034441	3.1754259706150605
0.362857	1596759	5054488	3.1654670491915184
0.365714	1593591	5024401	3.1528798794671906
0.368571	1591764	4995125	3.138106528354706
0.371429	1588037	4947835	3.1156925184992543
0.374286	1583348	4913481	3.10322241225555
0.377143	1580296	4893278	3.096431301477698
0.380000	1571456	4826379	3.0712784831392033
0.382857	1564263	4769637	3.049127288697617
0.385714	1557086	4731901	3.0389464679536005
0.388571	1548773	4663220	3.01091250945103
0.391429	1541010	4628141	3.003316655959403
0.394286	1532177	4571596	2.9837257705865574
0.397143	1525958	4519637	2.961835777917872
0.400000	1514448	4466262	2.949102247155399
0.402857	1504698	4426961	2.942092699000065
0.405714	1491916	4351098	2.916449719689312
0.408571	1484881	4306217	2.9000418215331734
0.411429	1473187	4268577	2.897511992706968
0.414286	1460344	4200649	2.876479103553683
0.417143	1449587	4140171	2.8561038419908567
0.420000	1440936	4087083	2.836408417861723
0.422857	1429200	4044033	2.8295780856423174
0.425714	1421060	3991010	2.8084739560609684
0.428571	1408690	3930394	2.790105701041393
0.431429	1399388	3906296	2.7914316829928514
0.434286	1389136	3864411	2.78188096773822
0.437143	1377404	3807416	2.7641969966690962
0.440000	1365767	3782903	2.76980114470477
0.442857	1350724	3713499	2.749265579052419
0.445714	1334291	3662415	2.7448397688360333
0.448571	1317265	3592086	2.726927383631995
0.451429	1302479	3541486	2.7190350093936257
0.454286	1287437	3479147	2.702382330164505
0.457143	1269720	3437262	2.707102353274738
0.460000	1247789	3354975	2.6887358359466225
0.462857	1231936	3295048	2.674690893033404
0.465714	1209859	3226711	2.667014090071653
0.468571	1186456	3154497	2.658755992636895
0.471429	1162592	3080422	2.6496156863284797
0.474286	1135528	2995167	2.63768660922496
0.477143	1109855	2915458	2.6268818899766186
0.480000	1084475	2836214	2.615287581548676
0.482857	1057046	2762660	2.613566486226711
0.485714	1029185	2671114	2.5953681796761514
0.488571	998407	2587606	2.5917346332708004
0.491429	970431	2526626	2.6036122094203504
0.494286	943648	2444545	2.5905263403302925
0.497143	918478	2369619	2.579940945782044
0.500000	888118	2283921	2.5716413809876615
0.502857	862534	2227996	2.583081942277058
0.505714	838422	2140100	2.5525332111991337
0.508571	810407	2056881	2.5380839504101025
0.511429	781263	1971902	2.523992560763789
0.514286	749453	1888491	2.519825792944988
0.517143	722369	1815592	2.513385818051439
0.520000	694279	1743836	2.5117222327047197
0.522857	664261	1667365	2.510105214667126
0.525714	632560	1582761	2.5021515745541927
0.528571	601221	1511652	2.514303392596067
0.531429	573349	1432097	2.4977753514874883
0.534286	542879	1368084	2.52005327153933
0.537143	510811	1284607	2.5148381691075565
0.540000	484591	1217322	2.51206068622818
0.542857	457004	1147447	2.510802968901804
0.545714	434090	1088901	2.5084682899859474
0.548571	411674	1031489	2.5055966614359906
0.551429	390677	986295	2.524579128026477
0.554286	371799	926145	2.49098303115393
0.557143	352837	891205	2.5258263730844552
0.560000	332941	835867	2.510555924322928
0.562857	318431	802994	2.5217205611262723
0.565714	301966	758616	2.5122563467410237
0.568571	285130	724593	2.541272402062217
0.571429	267730	673386	2.515168266537183
0.574286	253260	635046	2.5074863776356313
0.577143	238905	611106	2.5579456269228356
0.580000	224421	580575	2.586990522277327
0.582857	210234	525310	2.498691933750012
0.585714	197684	496428	2.5112199267517856
0.588571	183573	471214	2.566902540133898
0.591429	170434	439274	2.5773847941138506
0.594286	159167	410029	2.5760930343601376
0.597143	148978	384495	2.580884425888386
0.600000	139422	358520	2.5714736555206494
0.602857	129404	329949	2.5497588946245866
0.605714	120684	299510	2.4817705743926286
0.608571	111698	275848	2.4695876380955792
0.611429	103036	254016	2.465313094452424
0.614286	95770	237047	2.4751696773519893
0.617143	88991	219308	2.4643840388353877
0.620000	81883	200676	2.450765116080261
0.622857	74015	180978	2.445153009525096
0.625714	67990	166315	2.446168554199147
0.628571	62403	152471	2.4433280451260355
0.631429	57062	139024	2.4363674599558376
0.634286	51813	124966	2.4118657479783066
0.637143	46304	111487	2.407718555632343
0.640000	41455	100224	2.417657701121698
0.642857	36965	88710	2.3998376842959557
0.645714	33123	79361	2.395948434622468
0.648571	30430	74097	2.434998356884653
0.651429	27358	66057	2.414540536588932
0.654286	24272	57488	2.3684904416611734
0.657143	21983	51353	2.3360323886639676
0.660000	19866	46775	2.3545253196415987
0.662857	17439	40576	2.32673891851597
0.665714	16011	36366	2.2713134719880084
0.668571	14159	31893	2.252489582597641
0.671429	11937	27064	2.2672363240345144
0.674286	9869	22964	2.3268821562468336
0.677143	8508	19865	2.3348613070051716
0.680000	7581	17462	2.3033900540825747
0.682857	6429	14775	2.298180121325245
0.685714	5296	12296	2.321752265861027
0.688571	4540	10594	2.3334801762114536
0.691429	3760	8382	2.2292553191489364
0.694286	3067	6359	2.0733615911313987
0.697143	2465	4884	1.9813387423935092
0.700000	2077	4112	1.9797785267212324
0.702857	1692	3403	2.0112293144208038
0.705714	1313	2862	2.17974105102818
0.708571	1043	2434	2.3336529242569513
0.711429	865	1968	2.2751445086705204
0.714286	780	1829	2.344871794871795
0.717143	737	1623	2.2021709633649933
0.720000	658	1345	2.0440729483282674
0.722857	456	789	1.730263157894737
0.725714	288	481	1.6701388888888888
0.728571	217	381	1.7557603686635945
0.731429	216	415	1.9212962962962963
0.734286	152	313	2.0592105263157894
0.737143	112	245	2.1875
0.740000	113	215	1.9026548672566372
0.742857	88	140	1.5909090909090908
0.745714	57	117	2.0526315789473686
0.748571	42	95	2.261904761904762
0.751429	40	73	1.825
0.754286	49	47	0.9591836734693877
0.757143	29	15	0.5172413793103449
0.760000	7	4	0.5714285714285714
0.762857	29	11	0.3793103448275862
0.765714	26	6	0.23076923076923078
0.768571	27	7	0.25925925925925924
0.771429	23	6	0.2608695652173913
0.774286	19	3	0.15789473684210525
0.777143	26	11	0.4230769230769231
0.780000	1	1	1.0
