GC	Num. Positions	Overlapping Reads	Avg. Coverage
0.000000	401	2152	5.366583541147132
0.002857	106	730	6.886792452830188
0.005714	47	141	3.0
0.008571	54	153	2.8333333333333335
0.011429	20	64	3.2
0.014286	95	332	3.4947368421052634
0.017143	68	279	4.102941176470588
0.020000	45	197	4.377777777777778
0.022857	33	143	4.333333333333333
0.025714	78	517	6.628205128205129
0.028571	129	1282	9.937984496124031
0.031429	119	1789	15.033613445378151
0.034286	265	5273	19.89811320754717
0.037143	139	1448	10.417266187050359
0.040000	220	2363	10.74090909090909
0.042857	143	1282	8.965034965034965
0.045714	223	2636	11.820627802690582
0.048571	253	3555	14.051383399209486
0.051429	265	3240	12.226415094339623
0.054286	249	2183	8.76706827309237
0.057143	264	1914	7.25
0.060000	331	3196	9.65558912386707
0.062857	346	4100	11.84971098265896
0.065714	375	3868	10.314666666666668
0.068571	471	4407	9.356687898089172
0.071429	452	3385	7.488938053097345
0.074286	520	2999	5.767307692307693
0.077143	556	3751	6.746402877697841
0.080000	582	4168	7.161512027491409
0.082857	799	4946	6.190237797246558
0.085714	900	6229	6.921111111111111
0.088571	1021	7780	7.619980411361411
0.091429	1188	6352	5.346801346801347
0.094286	1213	7675	6.327287716405606
0.097143	1308	8655	6.61697247706422
0.100000	1469	7878	5.3628318584070795
0.102857	1590	8406	5.286792452830189
0.105714	1766	11167	6.323329558323896
0.108571	1724	10616	6.157772621809745
0.111429	1762	9853	5.591940976163451
0.114286	1824	10052	5.510964912280702
0.117143	2132	11776	5.523452157598499
0.120000	2159	11861	5.493747105141269
0.122857	2675	19991	7.4732710280373835
0.125714	3186	28347	8.897363465160076
0.128571	3458	25190	7.284557547715442
0.131429	3515	23813	6.774679943100995
0.134286	4163	30549	7.338217631515734
0.137143	4088	21852	5.345401174168297
0.140000	4560	25149	5.5151315789473685
0.142857	5073	28086	5.536369012418687
0.145714	5125	25746	5.023609756097561
0.148571	5600	30594	5.463214285714286
0.151429	6185	32678	5.283427647534357
0.154286	7087	36764	5.187526456892902
0.157143	7962	39865	5.006907812107511
0.160000	9103	45773	5.028342304734703
0.162857	11298	93935	8.3143034165339
0.165714	15826	91148	5.759383293314799
0.168571	19339	108746	5.623144940276126
0.171429	19973	104518	5.232964502077805
0.174286	20554	111691	5.434027439914372
0.177143	21690	119351	5.50258183494698
0.180000	22535	122973	5.456978034169071
0.182857	23699	120369	5.0790750664585005
0.185714	26908	136595	5.076371339378624
0.188571	29749	148572	4.9941846784765875
0.191429	33720	165444	4.906405693950178
0.194286	38012	185691	4.885062611806798
0.197143	42734	208117	4.870056629381757
0.200000	47142	227232	4.820160366552119
0.202857	53563	257723	4.811586356253384
0.205714	61594	296642	4.8160859824008835
0.208571	68081	320757	4.711402593968948
0.211429	75847	350459	4.620604638284968
0.214286	82496	382503	4.636624806051202
0.217143	90121	419293	4.652556008033644
0.220000	98123	457835	4.665929496652161
0.222857	109920	508766	4.628511644832606
0.225714	120415	561580	4.663704687954159
0.228571	134897	629704	4.6680356123560935
0.231429	147441	681808	4.624276829375818
0.234286	163418	754346	4.616052087285366
0.237143	181928	837924	4.605800096741568
0.240000	199533	923293	4.627269674690402
0.242857	220462	1014795	4.6030381653073995
0.245714	241676	1107031	4.5806410235190915
0.248571	264025	1219483	4.618816399962125
0.251429	290343	1318126	4.539892472007247
0.254286	314041	1416943	4.511968182498464
0.257143	339992	1514127	4.453419492223347
0.260000	371321	1649086	4.441133143560424
0.262857	402067	1781539	4.430950562965874
0.265714	435052	1928845	4.433596443643519
0.268571	469598	2084066	4.4379788670309495
0.271429	505986	2221362	4.390164945275166
0.274286	543325	2362352	4.347953802972438
0.277143	581899	2533945	4.354613085776054
0.280000	620395	2690796	4.337230312945785
0.282857	663209	2859202	4.311162846101304
0.285714	705513	3046322	4.317882165176262
0.288571	751546	3212002	4.273859484316329
0.291429	800194	3401341	4.250645468473895
0.294286	847792	3653306	4.309200841715892
0.297143	896630	4018637	4.481934577250371
0.300000	952187	4214409	4.426030811174695
0.302857	1007306	4245144	4.214353930186061
0.305714	1060750	4454181	4.199086495404195
0.308571	1110869	4559413	4.104366041360413
0.311429	1158074	4745979	4.098165574911448
0.314286	1208717	4919978	4.07041350456724
0.317143	1253428	5031651	4.014311950905836
0.320000	1297782	5181889	3.9928809306956023
0.322857	1338416	5280844	3.9455924017644737
0.325714	1381228	5440301	3.9387421917308365
0.328571	1415649	5595613	3.9526838926880887
0.331429	1441542	5715265	3.964688507168019
0.334286	1468248	5740272	3.909606551481766
0.337143	1483748	5712842	3.8502778099785138
0.340000	1497480	5731969	3.8277432753692873
0.342857	1509829	5745655	3.8055004904528924
0.345714	1521863	5757276	3.783044860148384
0.348571	1538276	5792084	3.7653086962287654
0.351429	1552784	5831352	3.7554173664849717
0.354286	1567247	5862863	3.740867265976582
0.357143	1574272	5852812	3.717789556061468
0.360000	1585438	5852233	3.6912405278541325
0.362857	1596759	5853378	3.6657867593043156
0.365714	1593591	5823574	3.6543717930133894
0.368571	1591764	5772184	3.626281282903747
0.371429	1588037	5736670	3.612428425786049
0.374286	1583348	5682182	3.5887132834980053
0.377143	1580296	5642815	3.5707329512952004
0.380000	1571456	5557824	3.53673535880101
0.382857	1564263	5505861	3.5197796022791565
0.385714	1557086	5445289	3.497102279514426
0.388571	1548773	5380897	3.4742967497496404
0.391429	1541010	5323025	3.454244294326448
0.394286	1532177	5262843	3.4348792600332727
0.397143	1525958	5218925	3.420097407661286
0.400000	1514448	5156587	3.404928396352995
0.402857	1504698	5100258	3.3895559108871014
0.405714	1491916	5034824	3.3747369154831772
0.408571	1484881	4983227	3.3559773476797132
0.411429	1473187	4926711	3.344253648722124
0.414286	1460344	4857898	3.326543608903108
0.417143	1449587	4794658	3.307602786172889
0.420000	1440936	4724696	3.2789075989495715
0.422857	1429200	4666494	3.2651091519731317
0.425714	1421060	4614946	3.247537753507945
0.428571	1408690	4545174	3.226525353342467
0.431429	1399388	4484694	3.204753792372094
0.434286	1389136	4427263	3.187062317872404
0.437143	1377404	4356913	3.163133692075818
0.440000	1365767	4303222	3.1507731553039426
0.442857	1350724	4229224	3.1310793322692128
0.445714	1334291	4153391	3.112807476030341
0.448571	1317265	4070982	3.0904806549934905
0.451429	1302479	4003938	3.0740902540463226
0.454286	1287437	3943661	3.0631875579154553
0.457143	1269720	3863566	3.0428488170620294
0.460000	1247789	3783165	3.0318948155497445
0.462857	1231936	3723024	3.02209205673022
0.465714	1209859	3650453	3.0172549032573217
0.468571	1186456	3567485	3.0068413830769956
0.471429	1162592	3474130	2.9882624342847706
0.474286	1135528	3384557	2.9806019754686806
0.477143	1109855	3299115	2.972563983583441
0.480000	1084475	3218698	2.967978053897047
0.482857	1057046	3128027	2.9592155875903225
0.485714	1029185	3038169	2.952014458042043
0.488571	998407	2932000	2.9366781282583156
0.491429	970431	2845684	2.932391895971996
0.494286	943648	2754678	2.919179609345858
0.497143	918478	2670176	2.9071746955289077
0.500000	888118	2578058	2.902832731686555
0.502857	862534	2497095	2.8950684842568526
0.505714	838422	2416039	2.8816502906650827
0.508571	810407	2327594	2.87212968298645
0.511429	781263	2235448	2.86132582753823
0.514286	749453	2138636	2.8535958892685733
0.517143	722369	2060459	2.8523635427323155
0.520000	694279	1975070	2.844778540039379
0.522857	664261	1878225	2.8275406805457495
0.525714	632560	1788564	2.827500948526622
0.528571	601221	1701202	2.829578474471118
0.531429	573349	1619788	2.8251344294661718
0.534286	542879	1532426	2.822776346110275
0.537143	510811	1444491	2.82783847646194
0.540000	484591	1377788	2.8431976656603197
0.542857	457004	1297475	2.8390889357642384
0.545714	434090	1229577	2.832539335160911
0.548571	411674	1164451	2.828575523351001
0.551429	390677	1104173	2.826306642059809
0.554286	371799	1050023	2.8241684350953067
0.557143	352837	999872	2.8338071120659114
0.560000	332941	940212	2.8239598006854068
0.562857	318431	900647	2.8283898238550895
0.565714	301966	856295	2.8357331620116173
0.568571	285130	807609	2.83242380668467
0.571429	267730	758842	2.8343555074141857
0.574286	253260	715609	2.825590302455974
0.577143	238905	675533	2.8276218580607355
0.580000	224421	633458	2.822632463093917
0.582857	210234	591446	2.813274731965334
0.585714	197684	557814	2.821745816555715
0.588571	183573	522636	2.8470199865993364
0.591429	170434	483583	2.8373622633981483
0.594286	159167	446229	2.803527113032224
0.597143	148978	415797	2.790995985984508
0.600000	139422	387972	2.7827172182295477
0.602857	129404	357731	2.764450867052023
0.605714	120684	333726	2.7652878592025454
0.608571	111698	306569	2.7446238965782737
0.611429	103036	280151	2.718962304437284
0.614286	95770	262603	2.7420173331941107
0.617143	88991	245042	2.753559348698183
0.620000	81883	224707	2.7442448371456836
0.622857	74015	202861	2.740809295413092
0.625714	67990	186805	2.7475364024121194
0.628571	62403	172463	2.7636972581446404
0.631429	57062	156650	2.745259542252287
0.634286	51813	141900	2.7386949221237913
0.637143	46304	127876	2.76166205943331
0.640000	41455	114629	2.7651429260644074
0.642857	36965	103166	2.7909103205735155
0.645714	33123	91537	2.763547987803037
0.648571	30430	83674	2.7497206703910613
0.651429	27358	75111	2.7454857811243514
0.654286	24272	66288	2.731048121292024
0.657143	21983	59165	2.691397898376018
0.660000	19866	53055	2.670643310178194
0.662857	17439	46468	2.6646023281151443
0.665714	16011	40504	2.529760789457248
0.668571	14159	35450	2.5037078889752102
0.671429	11937	30240	2.5332998240764013
0.674286	9869	25342	2.567838686797041
0.677143	8508	21739	2.555124588622473
0.680000	7581	18639	2.4586466165413534
0.682857	6429	15679	2.4387929693575985
0.685714	5296	13476	2.544561933534743
0.688571	4540	11517	2.536784140969163
0.691429	3760	9370	2.492021276595745
0.694286	3067	7095	2.3133355070101076
0.697143	2465	5617	2.2787018255578095
0.700000	2077	4708	2.2667308618199327
0.702857	1692	3617	2.1377068557919623
0.705714	1313	2811	2.140898705255141
0.708571	1043	2228	2.1361457334611695
0.711429	865	1868	2.1595375722543353
0.714286	780	1601	2.0525641025641024
0.717143	737	1454	1.9728629579375847
0.720000	658	1277	1.9407294832826747
0.722857	456	857	1.8793859649122806
0.725714	288	548	1.9027777777777777
0.728571	217	447	2.0599078341013826
0.731429	216	426	1.9722222222222223
0.734286	152	373	2.4539473684210527
0.737143	112	264	2.357142857142857
0.740000	113	249	2.2035398230088497
0.742857	88	178	2.022727272727273
0.745714	57	162	2.8421052631578947
0.748571	42	85	2.0238095238095237
0.751429	40	48	1.2
0.754286	49	73	1.489795918367347
0.757143	29	35	1.206896551724138
0.760000	7	15	2.142857142857143
0.762857	29	43	1.4827586206896552
0.765714	26	24	0.9230769230769231
0.768571	27	28	1.037037037037037
0.771429	23	24	1.0434782608695652
0.774286	19	12	0.631578947368421
0.777143	26	44	1.6923076923076923
0.780000	1	4	4.0
