GC	Num. Positions	Overlapping Reads	Avg. Coverage
0.000000	401	3934	9.810473815461346
0.002857	106	717	6.764150943396227
0.005714	47	245	5.212765957446808
0.008571	54	228	4.222222222222222
0.011429	20	72	3.6
0.014286	95	328	3.4526315789473685
0.017143	68	309	4.544117647058823
0.020000	45	273	6.066666666666666
0.022857	33	211	6.393939393939394
0.025714	78	601	7.705128205128205
0.028571	129	1368	10.604651162790697
0.031429	119	1826	15.344537815126051
0.034286	265	4907	18.516981132075472
0.037143	139	1423	10.237410071942445
0.040000	220	2512	11.418181818181818
0.042857	143	1347	9.41958041958042
0.045714	223	2788	12.502242152466367
0.048571	253	4024	15.90513833992095
0.051429	265	4110	15.50943396226415
0.054286	249	2755	11.06425702811245
0.057143	264	2789	10.56439393939394
0.060000	331	4406	13.311178247734139
0.062857	346	5408	15.630057803468208
0.065714	375	4388	11.701333333333332
0.068571	471	5519	11.717622080679405
0.071429	452	4071	9.006637168141593
0.074286	520	3487	6.7057692307692305
0.077143	556	4764	8.568345323741006
0.080000	582	5259	9.036082474226804
0.082857	799	6727	8.419274092615769
0.085714	900	7983	8.87
0.088571	1021	10763	10.541625857002938
0.091429	1188	8440	7.104377104377105
0.094286	1213	9899	8.16075845012366
0.097143	1308	11186	8.551987767584098
0.100000	1469	9144	6.224642614023145
0.102857	1590	10692	6.724528301886792
0.105714	1766	14719	8.334654586636466
0.108571	1724	14065	8.158352668213457
0.111429	1762	13370	7.587968217934166
0.114286	1824	12364	6.7785087719298245
0.117143	2132	14798	6.940900562851782
0.120000	2159	14799	6.854562297359889
0.122857	2675	18158	6.78803738317757
0.125714	3186	21611	6.783113622096673
0.128571	3458	23110	6.683053788316946
0.131429	3515	24840	7.066856330014224
0.134286	4163	30722	7.379774201297142
0.137143	4088	28658	7.010273972602739
0.140000	4560	30602	6.710964912280701
0.142857	5073	33263	6.556869702345752
0.145714	5125	33690	6.5736585365853655
0.148571	5600	38967	6.958392857142857
0.151429	6185	42940	6.942603071948262
0.154286	7087	47679	6.727670382390292
0.157143	7962	51962	6.526249686008541
0.160000	9103	59665	6.554432604635834
0.162857	11298	131988	11.682421667551779
0.165714	15826	119082	7.524453431062808
0.168571	19339	140274	7.253425720047573
0.171429	19973	133090	6.663495719220948
0.174286	20554	145084	7.058674710518634
0.177143	21690	153017	7.054725680036883
0.180000	22535	154833	6.870778788551143
0.182857	23699	152735	6.444786699860754
0.185714	26908	171682	6.380332986472425
0.188571	29749	192676	6.47672190661871
0.191429	33720	216960	6.434163701067615
0.194286	38012	246325	6.480190466168579
0.197143	42734	281939	6.5975335798193475
0.200000	47142	308378	6.541470450977896
0.202857	53563	348872	6.51330209286261
0.205714	61594	406113	6.593385719388252
0.208571	68081	439673	6.458086690853542
0.211429	75847	469671	6.192347752712698
0.214286	82496	514672	6.238750969743988
0.217143	90121	567322	6.295114346267796
0.220000	98123	622552	6.344608297748744
0.222857	109920	695142	6.324072052401747
0.225714	120415	760361	6.314504006975875
0.228571	134897	850533	6.305054967864371
0.231429	147441	920622	6.2440026858200905
0.234286	163418	1016161	6.218170580964153
0.237143	181928	1130046	6.211501253243041
0.240000	199533	1252478	6.277046904522059
0.242857	220462	1371402	6.220582231858551
0.245714	241676	1497359	6.195728992535461
0.248571	264025	1658183	6.280401477132847
0.251429	290343	1778789	6.126508991089849
0.254286	314041	1919702	6.112902455411873
0.257143	339992	2045837	6.017309230805431
0.260000	371321	2227535	5.998947002728098
0.262857	402067	2407048	5.986683811404567
0.265714	435052	2600531	5.977517630076405
0.268571	469598	2815407	5.995355602025563
0.271429	505986	2990908	5.911048922302198
0.274286	543325	3191243	5.87354345925551
0.277143	581899	3426498	5.888475491451266
0.280000	620395	3649291	5.882205691535232
0.282857	663209	3873898	5.841142083415635
0.285714	705513	4135925	5.862294528945604
0.288571	751546	4365959	5.809303755192629
0.291429	800194	4635496	5.79296520593756
0.294286	847792	5003850	5.902214222356427
0.297143	896630	5537566	6.175976712802382
0.300000	952187	5791281	6.08208366633865
0.302857	1007306	5776742	5.7348432353227325
0.305714	1060750	6068796	5.721231204336554
0.308571	1110869	6190041	5.572251093513277
0.311429	1158074	6452191	5.571484205672522
0.314286	1208717	6666214	5.515115614324941
0.317143	1253428	6819949	5.4410376982164115
0.320000	1297782	7004646	5.397398022163969
0.322857	1338416	7156572	5.3470460604176875
0.325714	1381228	7369846	5.3357200983472675
0.328571	1415649	7591473	5.362539019206032
0.331429	1441542	7764453	5.386213513029797
0.334286	1468248	7772106	5.2934558739395525
0.337143	1483748	7731651	5.210892280899452
0.340000	1497480	7754843	5.178595373560916
0.342857	1509829	7771882	5.147524653454133
0.345714	1521863	7800721	5.125770847967261
0.348571	1538276	7863171	5.111677618320769
0.351429	1552784	7927194	5.105149202979938
0.354286	1567247	7968180	5.084189027000849
0.357143	1574272	7957486	5.054708462070087
0.360000	1585438	7973436	5.029169226421973
0.362857	1596759	7963440	4.987252302946155
0.365714	1593591	7910691	4.96406606212008
0.368571	1591764	7844106	4.9279327840056695
0.371429	1588037	7767203	4.8910718075208575
0.374286	1583348	7686365	4.854501347776989
0.377143	1580296	7643711	4.836885621427885
0.380000	1571456	7553633	4.806773463590454
0.382857	1564263	7493179	4.790229648083474
0.385714	1557086	7397833	4.751075406239604
0.388571	1548773	7306139	4.717372397375213
0.391429	1541010	7233533	4.694020804537284
0.394286	1532177	7148058	4.665295197617508
0.397143	1525958	7070625	4.6335646197339635
0.400000	1514448	6974329	4.6051954243394295
0.402857	1504698	6900517	4.585981373006411
0.405714	1491916	6793672	4.553655835851348
0.408571	1484881	6726320	4.529871417305494
0.411429	1473187	6660318	4.521026862170247
0.414286	1460344	6561825	4.493341979697934
0.417143	1449587	6470811	4.463899717643715
0.420000	1440936	6391929	4.435956211795666
0.422857	1429200	6296848	4.405855023789533
0.425714	1421060	6226437	4.381544058660436
0.428571	1408690	6141639	4.359822956079762
0.431429	1399388	6060794	4.3310318510663235
0.434286	1389136	5983768	4.307546561315811
0.437143	1377404	5903909	4.28625806226786
0.440000	1365767	5826711	4.266255517961702
0.442857	1350724	5730542	4.24257065099902
0.445714	1334291	5629909	4.219401165113157
0.448571	1317265	5526812	4.195672093314557
0.451429	1302479	5433275	4.17148760171949
0.454286	1287437	5339649	4.14750313995947
0.457143	1269720	5253605	4.137609079167061
0.460000	1247789	5143065	4.121742538201571
0.462857	1231936	5062251	4.109183431606836
0.465714	1209859	4959156	4.098953679726315
0.468571	1186456	4854526	4.091619073947959
0.471429	1162592	4732767	4.070875251162919
0.474286	1135528	4595816	4.047294298335224
0.477143	1109855	4479933	4.036502966603746
0.480000	1084475	4365886	4.025806035178312
0.482857	1057046	4243777	4.014751486690267
0.485714	1029185	4121813	4.004929142962635
0.488571	998407	3981367	3.987719437063242
0.491429	970431	3860610	3.9782426571286367
0.494286	943648	3736230	3.9593471294380955
0.497143	918478	3619060	3.9402794623278945
0.500000	888118	3489619	3.929228998849252
0.502857	862534	3382521	3.9216088873018338
0.505714	838422	3271148	3.9015531558093657
0.508571	810407	3148148	3.8846505521299792
0.511429	781263	3027327	3.874914081429685
0.514286	749453	2897286	3.865867506034401
0.517143	722369	2784304	3.854406819783241
0.520000	694279	2664342	3.8375667419005906
0.522857	664261	2544477	3.8305379963598645
0.525714	632560	2427026	3.8368312887315037
0.528571	601221	2312728	3.8467185943272106
0.531429	573349	2200824	3.8385416212463963
0.534286	542879	2085943	3.8423718729219587
0.537143	510811	1966370	3.8495059816644512
0.540000	484591	1865801	3.8502592908246336
0.542857	457004	1754927	3.8400692335296847
0.545714	434090	1667260	3.8408164205579487
0.548571	411674	1577971	3.8330596539980664
0.551429	390677	1504261	3.8503955953383486
0.554286	371799	1434815	3.859114736726027
0.557143	352837	1360927	3.8570983201875086
0.560000	332941	1283798	3.8559324324730206
0.562857	318431	1225856	3.8496754398912167
0.565714	301966	1161525	3.846542325957227
0.568571	285130	1092756	3.8324834286115106
0.571429	267730	1025589	3.830683897956897
0.574286	253260	968205	3.8229684908789388
0.577143	238905	916092	3.8345451120738367
0.580000	224421	861566	3.8390614069093356
0.582857	210234	801682	3.8132842451744247
0.585714	197684	757113	3.829915420570203
0.588571	183573	704580	3.8381461326011994
0.591429	170434	656231	3.850352629170236
0.594286	159167	608524	3.823179427896486
0.597143	148978	568925	3.8188524480124584
0.600000	139422	533430	3.826010242286009
0.602857	129404	495170	3.826543228957374
0.605714	120684	459138	3.8044645520532963
0.608571	111698	425414	3.8086089276441832
0.611429	103036	391318	3.797876470359874
0.614286	95770	366034	3.8220110681841915
0.617143	88991	339010	3.809486352552505
0.620000	81883	313086	3.823577543568262
0.622857	74015	283110	3.8250354657839627
0.625714	67990	257374	3.78546845124283
0.628571	62403	235315	3.7708924250436677
0.631429	57062	215883	3.7833058778171114
0.634286	51813	196080	3.7843784378437846
0.637143	46304	175735	3.7952444713199722
0.640000	41455	157521	3.7998070196598723
0.642857	36965	142188	3.8465575544433923
0.645714	33123	127319	3.8438245328019804
0.648571	30430	116732	3.8360828130134736
0.651429	27358	104236	3.810073835806711
0.654286	24272	91044	3.7509887936717203
0.657143	21983	80856	3.6781149069735704
0.660000	19866	72459	3.6473874962247055
0.662857	17439	63623	3.6483169906531336
0.665714	16011	55939	3.4937855224533134
0.668571	14159	49546	3.499258422204958
0.671429	11937	42931	3.59646477339365
0.674286	9869	36830	3.7318877292532173
0.677143	8508	31488	3.70098730606488
0.680000	7581	26926	3.551774172272787
0.682857	6429	22799	3.546274692798258
0.685714	5296	19116	3.6095166163141994
0.688571	4540	16834	3.707929515418502
0.691429	3760	13698	3.6430851063829786
0.694286	3067	10669	3.4786436256928597
0.697143	2465	8475	3.438133874239351
0.700000	2077	7222	3.477130476649013
0.702857	1692	5988	3.5390070921985815
0.705714	1313	4590	3.4958111195734958
0.708571	1043	3766	3.610738255033557
0.711429	865	3099	3.5826589595375724
0.714286	780	2885	3.698717948717949
0.717143	737	2679	3.635006784260516
0.720000	658	2587	3.93161094224924
0.722857	456	1731	3.7960526315789473
0.725714	288	1045	3.6284722222222223
0.728571	217	778	3.585253456221198
0.731429	216	818	3.787037037037037
0.734286	152	646	4.25
0.737143	112	475	4.241071428571429
0.740000	113	461	4.079646017699115
0.742857	88	347	3.9431818181818183
0.745714	57	304	5.333333333333333
0.748571	42	172	4.095238095238095
0.751429	40	116	2.9
0.754286	49	106	2.163265306122449
0.757143	29	36	1.2413793103448276
0.760000	7	13	1.8571428571428572
0.762857	29	34	1.1724137931034482
0.765714	26	18	0.6923076923076923
0.768571	27	21	0.7777777777777778
0.771429	23	18	0.782608695652174
0.774286	19	9	0.47368421052631576
0.777143	26	33	1.2692307692307692
0.780000	1	3	3.0
