GC	Num. Positions	Overlapping Reads	Avg. Coverage
0.000000	401	3040	7.581047381546135
0.002857	106	1276	12.037735849056604
0.005714	47	184	3.9148936170212765
0.008571	54	373	6.907407407407407
0.011429	20	47	2.35
0.014286	95	388	4.08421052631579
0.017143	68	235	3.4558823529411766
0.020000	45	222	4.933333333333334
0.022857	33	93	2.8181818181818183
0.025714	78	380	4.871794871794871
0.028571	129	994	7.705426356589148
0.031429	119	925	7.773109243697479
0.034286	265	2000	7.547169811320755
0.037143	139	943	6.784172661870503
0.040000	220	1731	7.868181818181818
0.042857	143	867	6.062937062937063
0.045714	223	1644	7.37219730941704
0.048571	253	1991	7.869565217391305
0.051429	265	2160	8.150943396226415
0.054286	249	1775	7.128514056224899
0.057143	264	1794	6.795454545454546
0.060000	331	2470	7.462235649546828
0.062857	346	2644	7.641618497109826
0.065714	375	2567	6.8453333333333335
0.068571	471	3281	6.966029723991507
0.071429	452	2678	5.924778761061947
0.074286	520	3161	6.078846153846154
0.077143	556	3671	6.60251798561151
0.080000	582	4426	7.6048109965635735
0.082857	799	5765	7.215269086357948
0.085714	900	6974	7.748888888888889
0.088571	1021	8602	8.425073457394712
0.091429	1188	7288	6.134680134680135
0.094286	1213	7826	6.451772464962902
0.097143	1308	8659	6.620030581039756
0.100000	1469	8889	6.051055139550715
0.102857	1590	10756	6.764779874213836
0.105714	1766	12973	7.345979614949037
0.108571	1724	13551	7.860208816705336
0.111429	1762	12147	6.893870601589104
0.114286	1824	12267	6.725328947368421
0.117143	2132	14180	6.651031894934334
0.120000	2159	13517	6.260768874478925
0.122857	2675	20566	7.68822429906542
0.125714	3186	27848	8.74074074074074
0.128571	3458	25303	7.317235396182765
0.131429	3515	25670	7.30298719772404
0.134286	4163	32632	7.8385779485947635
0.137143	4088	27354	6.6912915851272015
0.140000	4560	31429	6.892324561403509
0.142857	5073	33683	6.639660950128129
0.145714	5125	31933	6.230829268292683
0.148571	5600	37760	6.742857142857143
0.151429	6185	41341	6.684074373484236
0.154286	7087	46738	6.594892055876958
0.157143	7962	51172	6.427028384827933
0.160000	9103	59375	6.522574975282874
0.162857	11298	127031	11.243671446273677
0.165714	15826	115104	7.273094907114874
0.168571	19339	136759	7.071668648844304
0.171429	19973	135794	6.798878485956041
0.174286	20554	146482	7.12669066848302
0.177143	21690	153340	7.069617335177501
0.180000	22535	162024	7.189882405147548
0.182857	23699	159341	6.723532638507954
0.185714	26908	186335	6.924892225360487
0.188571	29749	211339	7.104070725066388
0.191429	33720	238093	7.060883748517201
0.194286	38012	269067	7.078475218352099
0.197143	42734	304900	7.134834089951795
0.200000	47142	322843	6.848309363200543
0.202857	53563	368654	6.882624199540728
0.205714	61594	429251	6.969039192129103
0.208571	68081	467343	6.864514328520439
0.211429	75847	503739	6.641515155510436
0.214286	82496	544025	6.5945621605896045
0.217143	90121	592662	6.576291874257942
0.220000	98123	647591	6.599788021157119
0.222857	109920	727181	6.615547671033479
0.225714	120415	791766	6.575310384918822
0.228571	134897	890655	6.6024818935928895
0.231429	147441	974220	6.607524365678475
0.234286	163418	1074147	6.573002973968596
0.237143	181928	1194849	6.5677026076249945
0.240000	199533	1316715	6.598983626768504
0.242857	220462	1443105	6.5458219557111885
0.245714	241676	1575581	6.519393733759248
0.248571	264025	1734978	6.57126408484045
0.251429	290343	1877183	6.465397822575368
0.254286	314041	2016697	6.421763400320341
0.257143	339992	2169541	6.3811530859549634
0.260000	371321	2369459	6.381160774639732
0.262857	402067	2552778	6.349135840543989
0.265714	435052	2765689	6.357145812454603
0.268571	469598	2974902	6.3349971677903225
0.271429	505986	3179338	6.283450530251825
0.274286	543325	3378458	6.218116228776515
0.277143	581899	3610947	6.205453180019213
0.280000	620395	3832888	6.1781413454331515
0.282857	663209	4063484	6.127003704714502
0.285714	705513	4328620	6.135422026241898
0.288571	751546	4571065	6.08221585904256
0.291429	800194	4849987	6.0610139541161265
0.294286	847792	5195106	6.127807292354729
0.297143	896630	5678553	6.333217715222555
0.300000	952187	5960463	6.259760950317532
0.302857	1007306	6060201	6.016246304499328
0.305714	1060750	6345531	5.982117369785529
0.308571	1110869	6536712	5.884322993980389
0.311429	1158074	6811798	5.882005813100027
0.314286	1208717	7048735	5.831584233530264
0.317143	1253428	7232899	5.770494196714929
0.320000	1297782	7438869	5.731986574016283
0.322857	1338416	7603902	5.681269500663471
0.325714	1381228	7816336	5.6589759257704015
0.328571	1415649	8036748	5.677076733003732
0.331429	1441542	8199818	5.688226912570012
0.334286	1468248	8250327	5.619164473576671
0.337143	1483748	8254845	5.563508762943573
0.340000	1497480	8303819	5.545195261372439
0.342857	1509829	8319485	5.510216719906691
0.345714	1521863	8339241	5.479626615536352
0.348571	1538276	8382161	5.449061806853907
0.351429	1552784	8422602	5.42419422147575
0.354286	1567247	8458077	5.396773450515458
0.357143	1574272	8440065	5.361249517237174
0.360000	1585438	8454508	5.332600833334385
0.362857	1596759	8459435	5.297878389913569
0.365714	1593591	8404788	5.274118641483292
0.368571	1591764	8357540	5.25048939415642
0.371429	1588037	8296642	5.224463913624179
0.374286	1583348	8230861	5.198390372804968
0.377143	1580296	8178176	5.175091248728086
0.380000	1571456	8086100	5.145610185713122
0.382857	1564263	8009001	5.1199836600367075
0.385714	1557086	7912477	5.081592795773644
0.388571	1548773	7824514	5.052072834430869
0.391429	1541010	7745204	5.026056936684382
0.394286	1532177	7650433	4.993178333834798
0.397143	1525958	7564574	4.957262257545752
0.400000	1514448	7464229	4.928679624523259
0.402857	1504698	7389694	4.911081160472068
0.405714	1491916	7283364	4.881886111550516
0.408571	1484881	7204659	4.852011036574648
0.411429	1473187	7130564	4.840230059048851
0.414286	1460344	7026302	4.811401971042439
0.417143	1449587	6927679	4.7790708663916
0.420000	1440936	6842769	4.748836173154117
0.422857	1429200	6748786	4.722072488105233
0.425714	1421060	6682200	4.702264506776632
0.428571	1408690	6582029	4.6724467412986534
0.431429	1399388	6510450	4.6523551724039365
0.434286	1389136	6439027	4.635274731919697
0.437143	1377404	6341350	4.603841719640715
0.440000	1365767	6263332	4.585944747530142
0.442857	1350724	6162961	4.562709332180371
0.445714	1334291	6054388	4.537531917700112
0.448571	1317265	5952672	4.518963154718299
0.451429	1302479	5847458	4.489483515665127
0.454286	1287437	5752888	4.46848117616629
0.457143	1269720	5648942	4.448966701319976
0.460000	1247789	5535252	4.436048081847171
0.462857	1231936	5448994	4.423114512442205
0.465714	1209859	5323158	4.39981683816048
0.468571	1186456	5197921	4.381048264748124
0.471429	1162592	5064601	4.3563012647601225
0.474286	1135528	4930737	4.342241670835065
0.477143	1109855	4796592	4.321818615945326
0.480000	1084475	4660157	4.2971548445100165
0.482857	1057046	4526551	4.28226491562335
0.485714	1029185	4384291	4.259963952059153
0.488571	998407	4234512	4.2412683404663625
0.491429	970431	4108067	4.233239663613384
0.494286	943648	3984666	4.222619027433958
0.497143	918478	3872140	4.215822262482063
0.500000	888118	3740703	4.21194368315922
0.502857	862534	3621374	4.198528985524049
0.505714	838422	3501282	4.176037842518445
0.508571	810407	3374076	4.163433928877712
0.511429	781263	3246762	4.155786207717504
0.514286	749453	3104326	4.142122321212938
0.517143	722369	2988945	4.137698323156171
0.520000	694279	2869389	4.132904783235558
0.522857	664261	2730534	4.110634223595846
0.525714	632560	2594231	4.101161945111926
0.528571	601221	2462562	4.095934772737479
0.531429	573349	2348665	4.09639678450647
0.534286	542879	2215148	4.080371500831677
0.537143	510811	2080481	4.072897803688644
0.540000	484591	1976756	4.079225573731249
0.542857	457004	1859393	4.068658042380373
0.545714	434090	1765589	4.067333963003064
0.548571	411674	1678986	4.078435849725754
0.551429	390677	1599623	4.09448982151496
0.554286	371799	1526078	4.104578011237255
0.557143	352837	1451074	4.11259023288374
0.560000	332941	1366525	4.104405885727501
0.562857	318431	1301848	4.088320546680443
0.565714	301966	1234955	4.089715398422339
0.568571	285130	1170251	4.1042717356995055
0.571429	267730	1099717	4.107559855077877
0.574286	253260	1035406	4.088312406222854
0.577143	238905	978570	4.096063288754944
0.580000	224421	924812	4.120879953302053
0.582857	210234	867224	4.125041620289772
0.585714	197684	818255	4.139207017259869
0.588571	183573	762804	4.155316958376232
0.591429	170434	708554	4.157351232735253
0.594286	159167	664463	4.174627906538416
0.597143	148978	619064	4.15540549611352
0.600000	139422	577374	4.141197228557903
0.602857	129404	533683	4.124161540601527
0.605714	120684	497443	4.121863710185277
0.608571	111698	462499	4.140620243871869
0.611429	103036	427505	4.149083815365503
0.614286	95770	395994	4.13484389683617
0.617143	88991	367238	4.126686968345114
0.620000	81883	337163	4.1176190418035485
0.622857	74015	303538	4.101033574275485
0.625714	67990	279952	4.11754669804383
0.628571	62403	257102	4.1200262807877825
0.631429	57062	236040	4.136553222810276
0.634286	51813	214640	4.1425896975662475
0.637143	46304	192913	4.166227539737387
0.640000	41455	170716	4.118103968158244
0.642857	36965	152717	4.131394562423915
0.645714	33123	136145	4.110285904054584
0.648571	30430	123903	4.071738416036806
0.651429	27358	112463	4.110790262446085
0.654286	24272	98662	4.064848384970336
0.657143	21983	87895	3.998316881226402
0.660000	19866	79084	3.9808718413369575
0.662857	17439	67978	3.898044612649808
0.665714	16011	60052	3.750671413403285
0.668571	14159	52269	3.6915742637191893
0.671429	11937	45204	3.786881125911033
0.674286	9869	39357	3.98794204073361
0.677143	8508	34987	4.112247296661965
0.680000	7581	30983	4.086927845930616
0.682857	6429	25925	4.032508943848188
0.685714	5296	21193	4.001699395770393
0.688571	4540	18133	3.9940528634361234
0.691429	3760	14690	3.9069148936170213
0.694286	3067	11859	3.866644929898924
0.697143	2465	9412	3.8182555780933063
0.700000	2077	8143	3.9205584978334134
0.702857	1692	6607	3.9048463356973997
0.705714	1313	5160	3.92993145468393
0.708571	1043	4190	4.01725790987536
0.711429	865	3369	3.8947976878612716
0.714286	780	2790	3.576923076923077
0.717143	737	2816	3.8208955223880596
0.720000	658	2618	3.978723404255319
0.722857	456	1695	3.7171052631578947
0.725714	288	1137	3.9479166666666665
0.728571	217	812	3.7419354838709675
0.731429	216	830	3.8425925925925926
0.734286	152	626	4.118421052631579
0.737143	112	480	4.285714285714286
0.740000	113	498	4.407079646017699
0.742857	88	363	4.125
0.745714	57	340	5.964912280701754
0.748571	42	234	5.571428571428571
0.751429	40	164	4.1
0.754286	49	171	3.489795918367347
0.757143	29	60	2.0689655172413794
0.760000	7	19	2.7142857142857144
0.762857	29	46	1.5862068965517242
0.765714	26	26	1.0
0.768571	27	34	1.2592592592592593
0.771429	23	25	1.0869565217391304
0.774286	19	13	0.6842105263157895
0.777143	26	54	2.076923076923077
0.780000	1	5	5.0
