GC	Num. Positions	Overlapping Reads	Avg. Coverage
0.000000	401	3178	7.925187032418953
0.002857	106	476	4.490566037735849
0.005714	47	159	3.382978723404255
0.008571	54	264	4.888888888888889
0.011429	20	40	2.0
0.014286	95	352	3.705263157894737
0.017143	68	237	3.485294117647059
0.020000	45	208	4.622222222222222
0.022857	33	125	3.787878787878788
0.025714	78	255	3.269230769230769
0.028571	129	582	4.511627906976744
0.031429	119	693	5.823529411764706
0.034286	265	2040	7.69811320754717
0.037143	139	904	6.503597122302159
0.040000	220	1378	6.263636363636364
0.042857	143	671	4.6923076923076925
0.045714	223	1326	5.946188340807175
0.048571	253	1739	6.873517786561265
0.051429	265	1982	7.479245283018868
0.054286	249	1398	5.614457831325301
0.057143	264	1575	5.965909090909091
0.060000	331	1891	5.712990936555891
0.062857	346	2378	6.872832369942197
0.065714	375	2203	5.874666666666666
0.068571	471	2676	5.681528662420382
0.071429	452	2264	5.008849557522124
0.074286	520	2508	4.823076923076923
0.077143	556	2770	4.982014388489208
0.080000	582	3235	5.558419243986254
0.082857	799	4512	5.647058823529412
0.085714	900	5697	6.33
0.088571	1021	6778	6.638589618021547
0.091429	1188	6056	5.097643097643098
0.094286	1213	6358	5.241549876339654
0.097143	1308	6925	5.29434250764526
0.100000	1469	6991	4.7590197413206266
0.102857	1590	7801	4.906289308176101
0.105714	1766	9640	5.458663646659117
0.108571	1724	10256	5.9489559164733175
0.111429	1762	9662	5.483541430192963
0.114286	1824	8886	4.871710526315789
0.117143	2132	10594	4.969043151969982
0.120000	2159	10178	4.714219546086151
0.122857	2675	12943	4.838504672897196
0.125714	3186	16588	5.206528562460766
0.128571	3458	17113	4.948814343551185
0.131429	3515	17218	4.898435277382646
0.134286	4163	20606	4.949795820321883
0.137143	4088	20046	4.903620352250489
0.140000	4560	21791	4.778728070175439
0.142857	5073	24247	4.779617583284053
0.145714	5125	23907	4.664780487804878
0.148571	5600	28198	5.035357142857142
0.151429	6185	31370	5.0719482619240095
0.154286	7087	34285	4.837731056864682
0.157143	7962	38572	4.844511429289123
0.160000	9103	42571	4.67659013512029
0.162857	11298	109460	9.688440431934856
0.165714	15826	90488	5.71767976747125
0.168571	19339	98868	5.11236361756037
0.171429	19973	89181	4.465077855104391
0.174286	20554	95742	4.658071421621096
0.177143	21690	103868	4.788750576302443
0.180000	22535	105344	4.6746838251608605
0.182857	23699	108624	4.583484535212456
0.185714	26908	126815	4.712910658540211
0.188571	29749	143336	4.818178762311338
0.191429	33720	160388	4.756465005931198
0.194286	38012	180341	4.744317583920867
0.197143	42734	206142	4.823840501708242
0.200000	47142	226065	4.795405371006746
0.202857	53563	259002	4.83546477979202
0.205714	61594	302655	4.91370912751242
0.208571	68081	327552	4.811210176113747
0.211429	75847	354992	4.680369691616017
0.214286	82496	389233	4.718204519006982
0.217143	90121	423924	4.703942477336026
0.220000	98123	461192	4.700141658938271
0.222857	109920	517415	4.7071961426492
0.225714	120415	567827	4.715583606693518
0.228571	134897	633808	4.698458824139899
0.231429	147441	692654	4.697838457416865
0.234286	163418	760103	4.651280764664847
0.237143	181928	844357	4.641160239215514
0.240000	199533	929601	4.658883492956052
0.242857	220462	1023272	4.641489236240259
0.245714	241676	1111593	4.599517535874477
0.248571	264025	1226252	4.644454123662532
0.251429	290343	1335864	4.600985730670276
0.254286	314041	1435037	4.569584863122968
0.257143	339992	1535439	4.51610332007812
0.260000	371321	1666566	4.488208315716052
0.262857	402067	1805686	4.491007717619203
0.265714	435052	1958242	4.501167676507636
0.268571	469598	2117078	4.5082772924927275
0.271429	505986	2256665	4.459935650393489
0.274286	543325	2393860	4.405944876455161
0.277143	581899	2557563	4.395200885377015
0.280000	620395	2714409	4.375291548126596
0.282857	663209	2875759	4.336127826974604
0.285714	705513	3069261	4.350396094756581
0.288571	751546	3237707	4.308062314216295
0.291429	800194	3423614	4.278479968607613
0.294286	847792	3659684	4.316723913412724
0.297143	896630	3987427	4.447126462420396
0.300000	952187	4179786	4.389669256144014
0.302857	1007306	4247738	4.216929115879386
0.305714	1060750	4461777	4.206247466415272
0.308571	1110869	4587234	4.129410398525839
0.311429	1158074	4779057	4.126728516485129
0.314286	1208717	4945601	4.091612015053979
0.317143	1253428	5068035	4.043339545630064
0.320000	1297782	5211652	4.015814674575545
0.322857	1338416	5339932	3.989740110698019
0.325714	1381228	5501892	3.983333671196935
0.328571	1415649	5657279	3.996244125485908
0.331429	1441542	5783091	4.011739512272275
0.334286	1468248	5828336	3.9695855196124907
0.337143	1483748	5832420	3.930869662503336
0.340000	1497480	5858881	3.9124936560087615
0.342857	1509829	5851496	3.8756018065622
0.345714	1521863	5874309	3.859946000395568
0.348571	1538276	5916569	3.846233705784918
0.351429	1552784	5941467	3.8263319302620324
0.354286	1567247	5974971	3.812399066643611
0.357143	1574272	5966563	3.790045811651354
0.360000	1585438	5964233	3.7618834669031522
0.362857	1596759	5970283	3.7390006882691753
0.365714	1593591	5943157	3.729411749940857
0.368571	1591764	5884942	3.6971196735194414
0.371429	1588037	5827806	3.66981751684627
0.374286	1583348	5779372	3.6500958727961255
0.377143	1580296	5745582	3.6357631734814237
0.380000	1571456	5684846	3.617566129754826
0.382857	1564263	5635335	3.602549571267747
0.385714	1557086	5567924	3.575861577330989
0.388571	1548773	5506998	3.555716686693273
0.391429	1541010	5449317	3.5361983374540076
0.394286	1532177	5383682	3.5137467799085877
0.397143	1525958	5330615	3.4932907720920237
0.400000	1514448	5254590	3.469640423441412
0.402857	1504698	5199501	3.455511338487856
0.405714	1491916	5133988	3.4412044645945215
0.408571	1484881	5067997	3.4130660975525986
0.411429	1473187	5028679	3.413469573109184
0.414286	1460344	4958787	3.395629385952899
0.417143	1449587	4884429	3.3695314596502315
0.420000	1440936	4822021	3.3464505016183925
0.422857	1429200	4753160	3.3257486705849426
0.425714	1421060	4715781	3.3184953485426374
0.428571	1408690	4655801	3.3050571807849844
0.431429	1399388	4601360	3.28812309380958
0.434286	1389136	4544484	3.271446424252197
0.437143	1377404	4481043	3.253252495273718
0.440000	1365767	4427323	3.241638581104976
0.442857	1350724	4355298	3.2244174235447063
0.445714	1334291	4293198	3.217587467801252
0.448571	1317265	4223969	3.206620535731231
0.451429	1302479	4154653	3.1898042118145473
0.454286	1287437	4076465	3.1663413433045657
0.457143	1269720	3997157	3.1480617773997417
0.460000	1247789	3925920	3.1463011775228025
0.462857	1231936	3865732	3.1379324899994807
0.465714	1209859	3771502	3.1173070580951996
0.468571	1186456	3684344	3.1053355539522745
0.471429	1162592	3594594	3.091879180314332
0.474286	1135528	3494306	3.077252168154374
0.477143	1109855	3406130	3.06898648922607
0.480000	1084475	3318637	3.0601323220913343
0.482857	1057046	3219019	3.045296988021335
0.485714	1029185	3117835	3.0294213382433672
0.488571	998407	3015350	3.0201611166588376
0.491429	970431	2931465	3.0207866401629793
0.494286	943648	2845000	3.014895384719726
0.497143	918478	2753677	2.9980870527111154
0.500000	888118	2662883	2.998343688563907
0.502857	862534	2571145	2.9809201724221888
0.505714	838422	2487274	2.966613471497647
0.508571	810407	2401142	2.962884081702157
0.511429	781263	2302513	2.9471675991311503
0.514286	749453	2194745	2.9284624919774824
0.517143	722369	2114603	2.9273169252833386
0.520000	694279	2029722	2.923496173728429
0.522857	664261	1934512	2.9122769513790514
0.525714	632560	1843923	2.915016757303655
0.528571	601221	1754297	2.9178904263157808
0.531429	573349	1675048	2.921515516727159
0.534286	542879	1584994	2.919608236826254
0.537143	510811	1495189	2.9270884926127274
0.540000	484591	1418335	2.9268702885526143
0.542857	457004	1339839	2.93178834320925
0.545714	434090	1274146	2.9352115920661612
0.548571	411674	1212861	2.946168570276481
0.551429	390677	1156999	2.9615232020313456
0.554286	371799	1102601	2.965583554555015
0.557143	352837	1051169	2.9791915246983733
0.560000	332941	993795	2.9848982252110736
0.562857	318431	951162	2.987027016841953
0.565714	301966	898552	2.9756727578601563
0.568571	285130	849344	2.978795637077824
0.571429	267730	793266	2.9629328054383146
0.574286	253260	746000	2.945589512753692
0.577143	238905	706172	2.955869487871748
0.580000	224421	663842	2.9580208625752493
0.582857	210234	617259	2.9360569650960358
0.585714	197684	583483	2.9515944638918676
0.588571	183573	542099	2.953043203521215
0.591429	170434	503142	2.952122229132685
0.594286	159167	469512	2.9498074349582515
0.597143	148978	438962	2.9464887433043807
0.600000	139422	409385	2.936301301085912
0.602857	129404	379661	2.933920126116658
0.605714	120684	354171	2.9346972258128665
0.608571	111698	327817	2.9348511164031583
0.611429	103036	300558	2.9170192942272606
0.614286	95770	277885	2.9015871358462983
0.617143	88991	258511	2.9049117326471214
0.620000	81883	239176	2.9209481821623537
0.622857	74015	216047	2.9189623724920626
0.625714	67990	199555	2.9350639799970586
0.628571	62403	182999	2.9325352947774945
0.631429	57062	168087	2.9456906522729662
0.634286	51813	152401	2.9413660664312045
0.637143	46304	135976	2.936592950932965
0.640000	41455	120466	2.9059462067301896
0.642857	36965	108733	2.9415122413093466
0.645714	33123	97843	2.9539292938441566
0.648571	30430	89684	2.9472231350640814
0.651429	27358	79797	2.9167702317420865
0.654286	24272	70558	2.9069709953856298
0.657143	21983	63865	2.9051994723195196
0.660000	19866	56462	2.8421423537702606
0.662857	17439	49354	2.830093468662194
0.665714	16011	42439	2.650615202048592
0.668571	14159	37657	2.659580478847376
0.671429	11937	31945	2.676133031750021
0.674286	9869	27668	2.803526193130003
0.677143	8508	24585	2.889633286318759
0.680000	7581	21705	2.8630787495053425
0.682857	6429	18211	2.832633379996889
0.685714	5296	14858	2.805513595166163
0.688571	4540	12703	2.7980176211453744
0.691429	3760	10288	2.7361702127659573
0.694286	3067	7896	2.574502771437887
0.697143	2465	6246	2.533874239350913
0.700000	2077	5226	2.5161290322580645
0.702857	1692	3995	2.361111111111111
0.705714	1313	3105	2.3648134044173648
0.708571	1043	2424	2.324065196548418
0.711429	865	2135	2.468208092485549
0.714286	780	1939	2.485897435897436
0.717143	737	1876	2.5454545454545454
0.720000	658	1751	2.661094224924012
0.722857	456	1098	2.4078947368421053
0.725714	288	631	2.1909722222222223
0.728571	217	508	2.3410138248847927
0.731429	216	497	2.300925925925926
0.734286	152	349	2.2960526315789473
0.737143	112	243	2.169642857142857
0.740000	113	200	1.7699115044247788
0.742857	88	138	1.5681818181818181
0.745714	57	127	2.2280701754385963
0.748571	42	71	1.6904761904761905
0.751429	40	47	1.175
0.754286	49	30	0.6122448979591837
0.757143	29	9	0.3103448275862069
0.760000	7	3	0.42857142857142855
0.762857	29	18	0.6206896551724138
0.765714	26	9	0.34615384615384615
0.768571	27	3	0.1111111111111111
0.771429	23	5	0.21739130434782608
0.774286	19	2	0.10526315789473684
0.777143	26	0	0.0
0.780000	1	0	0.0
